   6.412585733800000E+00   6.620462130400000E-01   4.117905504200000E-01   1.374280752900000E-01   4.998472315700000E-01   2.388528755700000E+00
   6.412575262100000E+00   6.620467062499999E-01   4.119168778400000E-01   1.374931514200000E-01   4.998472315800000E-01   2.388535791800000E+00
   6.412577406500000E+00   6.620463792100000E-01   4.121059720900000E-01   1.375910050600000E-01   4.998472315900000E-01   2.388541981000000E+00
   6.412584019100000E+00   6.620453706800000E-01   4.123865247600000E-01   1.377363081700000E-01   4.998472316200000E-01   2.388561067100000E+00
   6.412601590600000E+00   6.620426907600000E-01   4.128046478600000E-01   1.379531619700000E-01   4.998472316500000E-01   2.388611783500000E+00
   6.412645060200000E+00   6.620360610500000E-01   4.134252492900000E-01   1.382756848700000E-01   4.998472317000000E-01   2.388737245500000E+00
   6.412748184900000E+00   6.620203334000000E-01   4.143396602100000E-01   1.387523427400000E-01   4.998472317700000E-01   2.389034864500000E+00
   6.412985199100000E+00   6.619841876900000E-01   4.156691459000000E-01   1.394486122100000E-01   4.998472318500000E-01   2.389718784800000E+00
   6.413511755200000E+00   6.619038932800000E-01   4.175564279400000E-01   1.404439366400000E-01   4.998472319600000E-01   2.391237673700000E+00
   6.414294295000000E+00   6.617845841900000E-01   4.194686188200000E-01   1.414615434400000E-01   4.998472320500000E-01   2.393493621900000E+00
   6.415350254600000E+00   6.616236279800000E-01   4.213729012700000E-01   1.424845760500000E-01   4.998472321100000E-01   2.396535230300000E+00
   6.416691869600000E+00   6.614191987400000E-01   4.232488304000000E-01   1.435028077800000E-01   4.998472321500000E-01   2.400395339400000E+00
   6.418329302500000E+00   6.611698032700000E-01   4.250844040000000E-01   1.445100930900000E-01   4.998472321700000E-01   2.405099953200000E+00
   6.420273671300000E+00   6.608738241100000E-01   4.268738469900000E-01   1.455037499000000E-01   4.998472321700000E-01   2.410676822100000E+00
   6.422538838700000E+00   6.605292535400000E-01   4.286152496000000E-01   1.464830286000000E-01   4.998472321500000E-01   2.417160375300000E+00
   6.425142292800000E+00   6.601335687200000E-01   4.303087662200000E-01   1.474486223300000E-01   4.998472320900000E-01   2.424593947500000E+00
   6.428105538200000E+00   6.596836851000000E-01   4.319553267300000E-01   1.484017977000000E-01   4.998472320100000E-01   2.433030487200000E+00
   6.431454278000000E+00   6.591759458599999E-01   4.335560089600000E-01   1.493437765200000E-01   4.998472318900000E-01   2.442532548700000E+00
   6.435218543500000E+00   6.586061251300001E-01   4.351116191700000E-01   1.502756491600000E-01   4.998472317200000E-01   2.453171984200000E+00
   6.439432845100000E+00   6.579694354400000E-01   4.366231522500000E-01   1.511981927900000E-01   4.998472314900000E-01   2.465029518100000E+00
   6.444136376900000E+00   6.572605365200000E-01   4.380897187200000E-01   1.521124523500000E-01   4.998472311700000E-01   2.478194252500000E+00
   6.449373288400000E+00   6.564735465300000E-01   4.395098567200000E-01   1.530203094200000E-01   4.998472307500000E-01   2.492763089200000E+00
   6.455193028400000E+00   6.556020581799999E-01   4.408835623900000E-01   1.539214814500000E-01   4.998472301800000E-01   2.508840019700000E+00
   6.461650765100000E+00   6.546391639500000E-01   4.422074931100000E-01   1.548159267400000E-01   4.998472293900000E-01   2.526535212800000E+00
   6.468807883300000E+00   6.535774952300000E-01   4.434773594800000E-01   1.557056803600000E-01   4.998472282800000E-01   2.545963820100000E+00
   6.476732564700000E+00   6.524092812700000E-01   4.446925249500000E-01   1.565884638200000E-01   4.998472267100000E-01   2.567244408700000E+00
   6.485500454600000E+00   6.511264343399999E-01   4.458500313800000E-01   1.574671131300000E-01   4.998472244300000E-01   2.590496922400000E+00
   6.495195422900000E+00   6.497206684000000E-01   4.469419317700000E-01   1.583401455400000E-01   4.998472210600000E-01   2.615840070100000E+00
   6.505910424800000E+00   6.481836585800000E-01   4.479653825900000E-01   1.592060444200000E-01   4.998472159600000E-01   2.643388041300000E+00
   6.517748469500000E+00   6.465072481600000E-01   4.489130705000000E-01   1.600684741700000E-01   4.998472081000000E-01   2.673246456800000E+00
   6.530823701700000E+00   6.446837081700000E-01   4.497794601500000E-01   1.609240778700000E-01   4.998471956400000E-01   2.705507486900000E+00
   6.545262600600000E+00   6.427060506400000E-01   4.505590226000000E-01   1.617723158700000E-01   4.998471754500000E-01   2.740244107400000E+00
   6.561205296500000E+00   6.405683903300000E-01   4.512429842100000E-01   1.626162760000000E-01   4.998471419800000E-01   2.777503529200000E+00
   6.578807000100000E+00   6.382663385000000E-01   4.518222551300000E-01   1.634534833100000E-01   4.998470851800000E-01   2.817299928400000E+00
   6.598239535200000E+00   6.357973960100000E-01   4.522948960800000E-01   1.642831317600000E-01   4.998469866900000E-01   2.859606735100000E+00
   6.619692957600000E+00   6.331612871000000E-01   4.526510697100000E-01   1.651095440000000E-01   4.998468125300000E-01   2.904348900300000E+00
   6.643377243500000E+00   6.303601359400000E-01   4.528806314900000E-01   1.659302434500000E-01   4.998464993600000E-01   2.951395754800000E+00
   6.669524029100000E+00   6.273983258000000E-01   4.529715829200000E-01   1.667430872700000E-01   4.998459281200000E-01   3.000555264700000E+00
   6.698388395300000E+00   6.242817803400000E-01   4.529167392400000E-01   1.675488642600000E-01   4.998448764600000E-01   3.051570645200000E+00
   6.730250705500000E+00   6.210162447200001E-01   4.527048673000000E-01   1.683536898000000E-01   4.998429275500000E-01   3.104120337800000E+00
   6.765418524500000E+00   6.176038935900000E-01   4.523280227400000E-01   1.691467944600000E-01   4.998393154700000E-01   3.157822219300000E+00
   6.804228645600000E+00   6.140372469399999E-01   4.517731981400000E-01   1.699410529800000E-01   4.998326514400000E-01   3.212242523900000E+00
   6.847049185900000E+00   6.102890196200000E-01   4.510243533500000E-01   1.707254477600000E-01   4.998204729500000E-01   3.266909303100000E+00
   6.894281484500000E+00   6.062965092800000E-01   4.500773528900000E-01   1.714982173900000E-01   4.997985377600000E-01   3.321329376200000E+00
   6.946361010600000E+00   6.019403409400000E-01   4.489090586800000E-01   1.722713106800000E-01   4.997598905300000E-01   3.375006836900000E+00
   7.003755709100000E+00   5.970215487700000E-01   4.475103512400000E-01   1.730286241200000E-01   4.996936657000000E-01   3.427460720300000E+00
   7.066960169000000E+00   5.912498754000000E-01   4.458544623200000E-01   1.737703831600000E-01   4.995840837700000E-01   3.478240369100000E+00
   7.136487916800000E+00   5.842674988000000E-01   4.439468056200000E-01   1.745018383100000E-01   4.994105213000000E-01   3.526940393800000E+00
   7.212875320900000E+00   5.757317551700000E-01   4.417464270100000E-01   1.752028533900000E-01   4.991488557500000E-01   3.573221094700000E+00
   7.296719590100000E+00   5.654450802900000E-01   4.392463678600000E-01   1.758834056700000E-01   4.987763168700000E-01   3.616835946700000E+00
   7.388750770600000E+00   5.534613117900000E-01   4.364254765300000E-01   1.765258213800000E-01   4.982721086600000E-01   3.657649431800000E+00
   7.487010336700000E+00   5.404656651000000E-01   4.333367782300000E-01   1.771104416200000E-01   4.976440102900000E-01   3.694626323100000E+00
   7.585324812800000E+00   5.277772297200000E-01   4.301853635200000E-01   1.776025716400000E-01   4.969405591500000E-01   3.726108423900000E+00
   7.683795039900000E+00   5.157043393000000E-01   4.269788764500000E-01   1.780186835600000E-01   4.961788720900000E-01   3.753138447700000E+00
   7.782458185200000E+00   5.043837413400000E-01   4.237506363900000E-01   1.783563807500000E-01   4.953717864900000E-01   3.776501099700000E+00
   7.881311819800000E+00   4.938416207800000E-01   4.204689782900000E-01   1.786309447800000E-01   4.945240352300000E-01   3.796800703100000E+00
   7.980335794300000E+00   4.840442598200000E-01   4.171854850100000E-01   1.788423983900000E-01   4.936453013300000E-01   3.814512488200000E+00
   8.079504932700001E+00   4.749310750900000E-01   4.138667543000000E-01   1.789899125500000E-01   4.927303637000000E-01   3.830016085400000E+00
   8.178794962600000E+00   4.664333491200000E-01   4.105425278600000E-01   1.790938562900000E-01   4.917925931900000E-01   3.843618293900000E+00
   8.278184720400001E+00   4.584837291700000E-01   4.071875315200000E-01   1.791461523900000E-01   4.908214748800000E-01   3.855569302600000E+00
   8.377656597600000E+00   4.510204379700000E-01   4.038583935900000E-01   1.791391053700000E-01   4.898277637000000E-01   3.866074681900000E+00
   8.477196269500000E+00   4.439886923500000E-01   4.005076046900000E-01   1.791040264500000E-01   4.888051522400000E-01   3.875304475100000E+00
   8.576792194799999E+00   4.373407557100000E-01   3.971698949700000E-01   1.790151632300000E-01   4.877610209200000E-01   3.883400205300000E+00
   8.676435098200001E+00   4.310353886700000E-01   3.938264806900000E-01   1.788898311100000E-01   4.866877806100000E-01   3.890480338600000E+00
   8.776117513299999E+00   4.250370876100000E-01   3.904865020300000E-01   1.787211226300000E-01   4.855913189200000E-01   3.896644580500000E+00
   8.875833405000000E+00   4.193152983800000E-01   3.871606492500000E-01   1.785177633400000E-01   4.844668772600000E-01   3.901977278000000E+00
   8.975577867900000E+00   4.138436876400000E-01   3.838392907300000E-01   1.782752342100000E-01   4.833172704900000E-01   3.906550132100000E+00
   9.075346890100001E+00   4.085995016700000E-01   3.805265094400000E-01   1.779942926500000E-01   4.821503641200000E-01   3.910424372700000E+00
   9.175137168199999E+00   4.035630173400000E-01   3.772224097500000E-01   1.776877672700000E-01   4.809611384900000E-01   3.913652511800000E+00
   9.274945964200001E+00   3.987170786700000E-01   3.739395094400000E-01   1.773418823400000E-01   4.797468119300000E-01   3.916279766300000E+00
   9.374770992800000E+00   3.940467086700000E-01   3.706602518600000E-01   1.769616095200000E-01   4.785108247400000E-01   3.918345217300000E+00
   9.474610334599999E+00   3.895387850900000E-01   3.674056614000000E-01   1.765446550200000E-01   4.772545659700000E-01   3.919882760100000E+00
   9.574462366600001E+00   3.851817696200000E-01   3.641565228700000E-01   1.761064741700000E-01   4.759785381200000E-01   3.920921887900000E+00
   9.674325708600000E+00   3.809654815500000E-01   3.609122588700000E-01   1.756380542600000E-01   4.746808003400000E-01   3.921488339400000E+00
   9.774199179300000E+00   3.768809078200000E-01   3.577076865600000E-01   1.751352137200000E-01   4.733628428500000E-01   3.921604638600000E+00
   9.874081762199999E+00   3.729200433600000E-01   3.544930750400000E-01   1.745995144500000E-01   4.720233520100000E-01   3.921290546000000E+00
   9.973972577800000E+00   3.690757561400000E-01   3.513195448100000E-01   1.740323708800000E-01   4.706780477600000E-01   3.920563437100000E+00
   1.007387086100000E+01   3.653416728400000E-01   3.481498481600000E-01   1.734465835800000E-01   4.693152371000000E-01   3.919438622800000E+00
   1.017377594300000E+01   3.617120815000000E-01   3.449964191900000E-01   1.728295516200000E-01   4.679289213000000E-01   3.917929620600000E+00
   1.027368723500000E+01   3.581818482800000E-01   3.418605720600000E-01   1.721836521100000E-01   4.665366188900000E-01   3.916048385400000E+00
   1.037360422000000E+01   3.547463461100000E-01   3.387324573500000E-01   1.715087319200000E-01   4.651308223800000E-01   3.913805507600000E+00
   1.047352643700000E+01   3.514013932100000E-01   3.356376570900000E-01   1.708033990000000E-01   4.637016720500000E-01   3.911210383000000E+00
   1.057345347700000E+01   3.481432000000000E-01   3.325451058300000E-01   1.700755481000000E-01   4.622753990800000E-01   3.908271360000000E+00
   1.067338497200000E+01   3.449683231200000E-01   3.294716371700000E-01   1.693201403300000E-01   4.608364429100000E-01   3.904995866800000E+00
   1.077332059300000E+01   3.418736253600000E-01   3.264193237400000E-01   1.685355460100000E-01   4.593811872900000E-01   3.901390522800000E+00
   1.087326004400000E+01   3.388562409200000E-01   3.233857088500000E-01   1.677252922600000E-01   4.579245214800000E-01   3.897461235800000E+00
   1.097320305600000E+01   3.359135449400000E-01   3.203734151500000E-01   1.668891050100000E-01   4.564574042700000E-01   3.893213288000000E+00
   1.107314938500000E+01   3.330431269200000E-01   3.173629727700000E-01   1.660265847400000E-01   4.549743126500000E-01   3.888651411700000E+00
   1.117309880800000E+01   3.302427673900000E-01   3.143767462800000E-01   1.651416584500000E-01   4.534998331300000E-01   3.883779856900000E+00
   1.127305112100000E+01   3.275104174400000E-01   3.114155249200000E-01   1.642313584400000E-01   4.520214477600000E-01   3.878602451300000E+00
   1.137300613700000E+01   3.248441807900000E-01   3.084685530300000E-01   1.632958293700000E-01   4.505257762800000E-01   3.873122654500000E+00
   1.147296368500000E+01   3.222422978800000E-01   3.055329851100000E-01   1.623353137300000E-01   4.490448748400000E-01   3.867343607000000E+00
   1.157292360500000E+01   3.197031320100000E-01   3.026117414300000E-01   1.613508228800000E-01   4.475513834900000E-01   3.861268174200000E+00
   1.167288574900000E+01   3.172251569600000E-01   2.997118115600000E-01   1.603447296900000E-01   4.460518210100000E-01   3.854898986900000E+00
   1.177284998200000E+01   3.148069461300000E-01   2.968231020900000E-01   1.593127709900000E-01   4.445658962600000E-01   3.848238477800000E+00
   1.187281617600000E+01   3.124471629400000E-01   2.939494223700000E-01   1.582575285700000E-01   4.430762786100000E-01   3.841288915700000E+00
   1.197278421300000E+01   3.101445522000000E-01   2.911032936800000E-01   1.571826027100000E-01   4.415824083400000E-01   3.834052436400000E+00
   1.207275398100000E+01   3.078979325200000E-01   2.882635056400000E-01   1.560822900800000E-01   4.400934130500000E-01   3.826531071900000E+00
   1.217272537800000E+01   3.057061894700000E-01   2.854390752300000E-01   1.549598593600000E-01   4.386118789800000E-01   3.818726776800000E+00
   1.227269830500000E+01   3.035682694800000E-01   2.826384117300000E-01   1.538129738500000E-01   4.371323635000000E-01   3.810641453100000E+00
   1.237267267100000E+01   3.014831742800000E-01   2.798465795500000E-01   1.526470095100000E-01   4.356408949800000E-01   3.802276973600000E+00
   1.247264839000000E+01   2.994499558600000E-01   2.770769929100000E-01   1.514613877000000E-01   4.341828744500000E-01   3.793635203300000E+00
   1.257262538000000E+01   2.974677118800000E-01   2.743205166000000E-01   1.502598812000000E-01   4.327157158500000E-01   3.784718019400000E+00
   1.267260356600000E+01   2.955355813600000E-01   2.715823893400000E-01   1.490336311500000E-01   4.312423412300000E-01   3.775527329900000E+00
   1.277258287400000E+01   2.936527407600000E-01   2.688593514200000E-01   1.477878167700000E-01   4.297999615900000E-01   3.766065091000000E+00
   1.287256323600000E+01   2.918184001800000E-01   2.661468118500000E-01   1.465261365200000E-01   4.283520159300000E-01   3.756333323100000E+00
   1.297254458700000E+01   2.900317998200000E-01   2.634550709700000E-01   1.452446994100000E-01   4.269009199100000E-01   3.746334125300000E+00
   1.307252686600000E+01   2.882922064800000E-01   2.607784748500000E-01   1.439452564500000E-01   4.254782450400000E-01   3.736069689300000E+00
   1.317251001300000E+01   2.865989102300000E-01   2.581191936700000E-01   1.426263493700000E-01   4.240456811000000E-01   3.725542311300000E+00
   1.327249397300000E+01   2.849512210800000E-01   2.554723141300000E-01   1.412916735300000E-01   4.226345087300000E-01   3.714754403200000E+00
   1.337247869300000E+01   2.833484657000000E-01   2.528407381200000E-01   1.399447614600000E-01   4.212233498500000E-01   3.703708502400000E+00
   1.347246412300000E+01   2.817899840300000E-01   2.502233449200000E-01   1.385828173300000E-01   4.198240672600000E-01   3.692407280400000E+00
   1.357245021500000E+01   2.802751259400000E-01   2.476221272500000E-01   1.372056869100000E-01   4.184330714800000E-01   3.680853549800000E+00
   1.367243692200000E+01   2.788032477600000E-01   2.450362401800000E-01   1.358139738800000E-01   4.170402047200000E-01   3.669050270600000E+00
   1.377242420200000E+01   2.773737086700000E-01   2.424671728400000E-01   1.344082678300000E-01   4.156705359700000E-01   3.657000555100000E+00
   1.387241201000000E+01   2.759858669600000E-01   2.399123156100000E-01   1.329911838600000E-01   4.143023648200000E-01   3.644707671000000E+00
   1.397240030900000E+01   2.746390761500000E-01   2.373725412100000E-01   1.315613472100000E-01   4.129510706000000E-01   3.632175044000000E+00
   1.407238905800000E+01   2.733326808300000E-01   2.348482497600000E-01   1.301212645600000E-01   4.115922491400000E-01   3.619406258700000E+00
   1.417237822200000E+01   2.720660123000000E-01   2.323384426500000E-01   1.286700276900000E-01   4.102565263900000E-01   3.606405058200000E+00
   1.427236776400000E+01   2.708383839000000E-01   2.298435938900000E-01   1.272078990300000E-01   4.089169351500000E-01   3.593175342800000E+00
   1.437235765000000E+01   2.696490860000000E-01   2.273566975700000E-01   1.257367618900000E-01   4.075835767400000E-01   3.579721167000000E+00
   1.447234784800000E+01   2.684973806400000E-01   2.248919006000000E-01   1.242615568200000E-01   4.062647098000000E-01   3.566046736100000E+00
   1.457233832500000E+01   2.673824957000000E-01   2.224418847900000E-01   1.227773475700000E-01   4.049421483700000E-01   3.552156401000000E+00
   1.467232905000000E+01   2.663036185700000E-01   2.200086270800000E-01   1.212851664300000E-01   4.036247832000000E-01   3.538054652000000E+00
   1.477231999400000E+01   2.652598892900000E-01   2.175876254500000E-01   1.197855221500000E-01   4.023140706200000E-01   3.523746112300000E+00
   1.487231112800000E+01   2.642503929600000E-01   2.151809750200000E-01   1.182812582600000E-01   4.009982105200000E-01   3.509235529600000E+00
   1.497230242300000E+01   2.632741514800000E-01   2.127904517700000E-01   1.167742851700000E-01   3.996823923300000E-01   3.494527767400000E+00
   1.507229385200000E+01   2.623301143900000E-01   2.104114144800000E-01   1.152596625800000E-01   3.983659162900000E-01   3.479627795700000E+00
   1.517228538800000E+01   2.614171487700000E-01   2.080461403000000E-01   1.137437665900000E-01   3.970522854400000E-01   3.464540680500000E+00
   1.527227700300000E+01   2.605340279900000E-01   2.056918513500000E-01   1.122256115200000E-01   3.957277041700000E-01   3.449271573500000E+00
   1.537226867300000E+01   2.596794192200000E-01   2.033545187400000E-01   1.107022560900000E-01   3.943934948000000E-01   3.433825700100000E+00
   1.547226037000000E+01   2.588518695200000E-01   2.010302422400000E-01   1.091792531800000E-01   3.930445278100000E-01   3.418208348400000E+00
   1.557225206800000E+01   2.580497902400000E-01   1.987173293800000E-01   1.076549030200000E-01   3.916825326600000E-01   3.402424857300000E+00
   1.567224374200000E+01   2.572714396000000E-01   1.964170201900000E-01   1.061273284500000E-01   3.903088069000000E-01   3.386480604100000E+00
   1.577223536400000E+01   2.565149031100000E-01   1.941287808800000E-01   1.046012902800000E-01   3.889104469200000E-01   3.370380992700000E+00
   1.587222690600000E+01   2.557780716400000E-01   1.918556358900000E-01   1.030758998900000E-01   3.874822124000000E-01   3.354131441400000E+00
   1.597221834100000E+01   2.550586167100000E-01   1.895907620200000E-01   1.015490401500000E-01   3.860211603600000E-01   3.337737371200000E+00
   1.607220963800000E+01   2.543539627800000E-01   1.873366853600000E-01   1.000227979500000E-01   3.845231861400000E-01   3.321204193800000E+00
   1.617220076400000E+01   2.536612560700000E-01   1.850969220500000E-01   9.849879580199999E-02   3.829899328400000E-01   3.304537300800000E+00
   1.627219168500000E+01   2.529773294900000E-01   1.828645286200000E-01   9.697450547700000E-02   3.813989959400000E-01   3.287742052100000E+00
   1.637218236200000E+01   2.522986633100000E-01   1.806412161200000E-01   9.545427772100000E-02   3.797581772500000E-01   3.270823766000000E+00
   1.647217275200000E+01   2.516213410100000E-01   1.784261143800000E-01   9.393183130200000E-02   3.780433421400000E-01   3.253787709100000E+00
   1.657216280500000E+01   2.509409998700000E-01   1.762196587000000E-01   9.241428934500000E-02   3.762553938900000E-01   3.236639087100000E+00
   1.667215246400000E+01   2.502527758500000E-01   1.740200511300000E-01   9.089402319100000E-02   3.743854838100000E-01   3.219383036200000E+00
   1.677214166000000E+01   2.495512421400000E-01   1.718264553900000E-01   8.937904165700000E-02   3.724193898100000E-01   3.202024615300000E+00
   1.687213031400000E+01   2.488303412100000E-01   1.696378397200000E-01   8.786444737500000E-02   3.703351691600000E-01   3.184568799000000E+00
   1.697211832700000E+01   2.480833098700000E-01   1.674531467200000E-01   8.634967322600000E-02   3.681224827400000E-01   3.167020471500000E+00
   1.707210557900000E+01   2.473025973600000E-01   1.652733479800000E-01   8.483630185900000E-02   3.657601624700000E-01   3.149384421300000E+00
   1.717209192400000E+01   2.464797764900000E-01   1.630950901300000E-01   8.332269084600000E-02   3.632379383400000E-01   3.131665336800000E+00
   1.727207718000000E+01   2.456054485800000E-01   1.609166376900000E-01   8.180776162700000E-02   3.605289868100000E-01   3.113867803200000E+00
   1.737206111800000E+01   2.446691432400000E-01   1.587353876500000E-01   8.029352886200000E-02   3.576052032800000E-01   3.095996300300000E+00
   1.747204345200000E+01   2.436592149600000E-01   1.565508795000000E-01   7.877645890300000E-02   3.544469660700000E-01   3.078055201500000E+00
   1.757202382400000E+01   2.425627395300000E-01   1.543633414100000E-01   7.725488429100000E-02   3.510197059400000E-01   3.060048774100000E+00
   1.767200178100000E+01   2.413654149900000E-01   1.521682433700000E-01   7.573200106700000E-02   3.472903632700000E-01   3.041981181200000E+00
   1.777197675200000E+01   2.400514731300000E-01   1.499612035500000E-01   7.420245097200000E-02   3.432217270400000E-01   3.023856484800000E+00
   1.787194801300000E+01   2.386036107300000E-01   1.477398672900000E-01   7.266458893800000E-02   3.387716278800000E-01   3.005678651200000E+00
   1.797191465300000E+01   2.370029519000000E-01   1.455012824400000E-01   7.111692391299999E-02   3.338892922800000E-01   2.987451558200000E+00
   1.807187551800000E+01   2.352290570200000E-01   1.432423674000000E-01   6.955972364200000E-02   3.285196784400000E-01   2.969179004500000E+00
   1.817182915200000E+01   2.332599973800000E-01   1.409554750700000E-01   6.798674481500000E-02   3.226178635900000E-01   2.950864722500000E+00
   1.827177371500000E+01   2.310725191800000E-01   1.386346505100000E-01   6.639326535100000E-02   3.161039009000000E-01   2.932512394100000E+00
   1.837170688300000E+01   2.286423247000000E-01   1.362721863000000E-01   6.477842437500000E-02   3.089213180500000E-01   2.914125671800000E+00
   1.847162570800000E+01   2.259445020700000E-01   1.338573505800000E-01   6.313399581900001E-02   3.009769108600000E-01   2.895708205800000E+00
   1.857152643200000E+01   2.229541371800000E-01   1.313800609300000E-01   6.145333741500000E-02   2.921911658700000E-01   2.877263681500000E+00
   1.867140419800000E+01   2.196471407900000E-01   1.288198311200000E-01   5.972454534000000E-02   2.824674587300000E-01   2.858795875700000E+00
   1.877125258300000E+01   2.160013203100000E-01   1.261539727000000E-01   5.793424829300000E-02   2.716786067600000E-01   2.840308746700000E+00
   1.887106271800000E+01   2.119977202900000E-01   1.233495427400000E-01   5.606281767500000E-02   2.596771091300000E-01   2.821806600400000E+00
   1.897082144700000E+01   2.076222560900000E-01   1.203512284300000E-01   5.407745108800000E-02   2.462680622600000E-01   2.803294436500000E+00
   1.907050677100000E+01   2.028677085400000E-01   1.170697229200000E-01   5.192318298000000E-02   2.311247465800000E-01   2.784778800100000E+00
   1.917007386800000E+01   1.977364213500000E-01   1.133237988700000E-01   4.949195168100000E-02   2.136436613300000E-01   2.766270388200000E+00
   1.926939194700000E+01   1.922460586100000E-01   1.086308206200000E-01   4.649284527600000E-02   1.921761997900000E-01   2.747795810500000E+00
   1.931875690900000E+01   1.893846853500000E-01   1.053758343900000E-01   4.444688039500000E-02   1.780333784000000E-01   2.738609256700000E+00
   1.934309683600000E+01   1.879429021200000E-01   1.030189131100000E-01   4.298482139800000E-02   1.683560745700000E-01   2.734078867000000E+00
   1.935592291000000E+01   1.871751520200000E-01   1.009159574600000E-01   4.169475865600000E-02   1.601952892800000E-01   2.731691336100000E+00
   1.936875122800000E+01   1.865859000300000E-01   9.897307804900000E-02   4.053575480000000E-02   1.528904214800000E-01   2.726999731600000E+00
   1.936875122800000E+01   1.865859000300000E-01   9.897307804900000E-02   4.053575480000000E-02   1.528904214800000E-01   2.726999731600000E+00

