   8.793319616000000E+00   6.201659922000000E-01   3.653440242400000E-01   4.997309729600000E-01   2.490041753900000E-01   2.000000000000000E+01   1.165263279100000E+04
   8.793729775099999E+00   6.201815387300000E-01   3.653642250000000E-01   4.997309897700000E-01   2.490878742400000E-01   1.999909218000000E+01   1.165263279100000E+04
   8.794549982900000E+00   6.202126632800000E-01   3.654046256000000E-01   4.997310233600000E-01   2.492552155500000E-01   1.999727652100000E+01   1.165263279100000E+04
   8.795780073600000E+00   6.202594312700001E-01   3.654652269700000E-01   4.997310737100000E-01   2.495047226600000E-01   1.999455300400000E+01   1.165263279100000E+04
   8.797624516000001E+00   6.203297599499999E-01   3.655561202900000E-01   4.997311489200000E-01   2.498833578300000E-01   1.999046759400000E+01   1.165263279100000E+04
   8.800389788400000E+00   6.204356618600000E-01   3.656924491900000E-01   4.997312612500000E-01   2.504506044300000E-01   1.998433924600000E+01   1.165263279100000E+04
   8.804483422100001E+00   6.205934720300000E-01   3.658943942200000E-01   4.997314273400000E-01   2.512893172600000E-01   1.997525966700000E+01   1.165263279100000E+04
   8.808573342000001E+00   6.207524021700001E-01   3.660963080600000E-01   4.997315914100000E-01   2.521251351300000E-01   1.996617952600000E+01   1.165263279100000E+04
   8.812659535300000E+00   6.209124805900000E-01   3.662981908900000E-01   4.997317542200000E-01   2.529590346000000E-01   1.995709881200000E+01   1.165263279100000E+04
   8.816741976900000E+00   6.210737366500000E-01   3.665000518100000E-01   4.997319381600000E-01   2.537018881400000E-01   1.994801754500000E+01   1.165263279100000E+04
   8.820820684499999E+00   6.212361993900000E-01   3.667018725100000E-01   4.997320984300000E-01   2.545527415700000E-01   1.993893564800000E+01   1.165263279100000E+04
   8.824895556300000E+00   6.213998963600000E-01   3.669036583000000E-01   4.997322574400000E-01   2.554016987800000E-01   1.992985330900000E+01   1.165263279100000E+04
   8.828966481300000E+00   6.215648577200000E-01   3.671054657500000E-01   4.997325553000000E-01   2.563034746400000E-01   1.992077074100000E+01   1.165263279100000E+04
   8.833033798500001E+00   6.217311225600000E-01   3.673071889900000E-01   4.997327117600000E-01   2.571369370800000E-01   1.991168714800000E+01   1.165263279100000E+04
   8.837097126700000E+00   6.218987113700000E-01   3.675088711800000E-01   4.997328669700000E-01   2.579683755700000E-01   1.990260334400000E+01   1.165263279100000E+04
   8.841156328100000E+00   6.220676499400000E-01   3.677108792900000E-01   4.997338685400000E-01   2.586926477600000E-01   1.989351960100000E+01   1.165263279100000E+04
   8.845211914200000E+00   6.222379968500000E-01   3.679124927000000E-01   4.997340210400000E-01   2.595312032300000E-01   1.988443473600000E+01   1.165263279100000E+04
   8.849263472200001E+00   6.224097678900000E-01   3.681140645900000E-01   4.997341722900000E-01   2.603783936400000E-01   1.987534963700000E+01   1.165263279100000E+04
   8.853311036799999E+00   6.225830026200000E-01   3.683292747700000E-01   4.997653305600000E-01   2.612907826100000E-01   1.986626419100000E+01   1.165263279100000E+04
   8.857354658600000E+00   6.227577335400000E-01   3.685307746400000E-01   4.997654714400000E-01   2.621161294600000E-01   1.985717823800000E+01   1.165263279100000E+04
   8.861394214300001E+00   6.229339948300000E-01   3.687322324900000E-01   4.997656108700000E-01   2.629393728900000E-01   1.984809202200000E+01   1.165263279100000E+04
   8.865429704100000E+00   6.231118186700000E-01   3.689195195000000E-01   4.997337653300000E-01   2.636250195400000E-01   1.983900547500000E+01   1.165263279100000E+04
   8.869461129799999E+00   6.232912534900000E-01   3.691208916300000E-01   4.997339106500000E-01   2.644307021800000E-01   1.982991861400000E+01   1.165263279100000E+04
   8.873488447000000E+00   6.234723309300000E-01   3.693222212400000E-01   4.997340547400000E-01   2.652342062400000E-01   1.982083147100000E+01   1.165263279100000E+04
   8.877511642300000E+00   6.236550896700001E-01   3.695235038600000E-01   4.997341879400000E-01   2.662610590100000E-01   1.981174406800000E+01   1.165263279100000E+04
   8.881530667700000E+00   6.238395680200000E-01   3.697247461700000E-01   4.997343295900000E-01   2.670886985600000E-01   1.980265641800000E+01   1.165263279100000E+04
   8.885545506600000E+00   6.240258059000000E-01   3.699259435400000E-01   4.997344700100000E-01   2.679141820200000E-01   1.979356854700000E+01   1.165263279100000E+04
   8.889556131799999E+00   6.242138436100000E-01   3.701270951800000E-01   4.997346093400000E-01   2.687325959800000E-01   1.978448048000000E+01   1.165263279100000E+04
   8.893562516199999E+00   6.244037221500000E-01   3.703282001100000E-01   4.997347473300000E-01   2.695511783400000E-01   1.977539223900000E+01   1.165263279100000E+04
   8.897564632200000E+00   6.245954832000000E-01   3.705292575100000E-01   4.997348841100000E-01   2.703675472000000E-01   1.976630384900000E+01   1.165263279100000E+04
   8.901562454600001E+00   6.247891692300001E-01   3.707302771700000E-01   4.997350435000000E-01   2.711805391700000E-01   1.975721532900000E+01   1.165263279100000E+04
   8.905555951200000E+00   6.249848231000000E-01   3.709312368500000E-01   4.997351778400000E-01   2.720096178300000E-01   1.974812671200000E+01   1.165263279100000E+04
   8.909545096400000E+00   6.251824886500000E-01   3.711321463300000E-01   4.997353109800000E-01   2.728364785100000E-01   1.973903801900000E+01   1.165263279100000E+04
   8.913529860900001E+00   6.253822102500000E-01   3.713330010400000E-01   4.997354348900000E-01   2.736021822500000E-01   1.972994927800000E+01   1.165263279100000E+04
   8.917510219700000E+00   6.255840331500000E-01   3.715338074000000E-01   4.997355656300000E-01   2.744063230100000E-01   1.972086050700000E+01   1.165263279100000E+04
   8.921486143199999E+00   6.257880030800000E-01   3.717345608200000E-01   4.997356951600000E-01   2.752339447700000E-01   1.971177173600000E+01   1.165263279100000E+04
   8.925457604600000E+00   6.259941665900000E-01   3.719352583000000E-01   4.997358186600000E-01   2.761103951900000E-01   1.970268298600000E+01   1.165263279100000E+04
   8.929424572800000E+00   6.262025706800000E-01   3.721359030800000E-01   4.997359458000000E-01   2.769203214300000E-01   1.969359429000000E+01   1.165263279100000E+04
   8.933387020900000E+00   6.264132632300000E-01   3.723364921500000E-01   4.997360717500000E-01   2.777279213200000E-01   1.968450567100000E+01   1.165263279100000E+04
   8.937344920299999E+00   6.266262927100000E-01   3.725370207200000E-01   4.997361879000000E-01   2.785435162300000E-01   1.967541715600000E+01   1.165263279100000E+04
   8.941298242900000E+00   6.268417082800000E-01   3.727374955400000E-01   4.997363114800000E-01   2.793480731400000E-01   1.966632877000000E+01   1.165263279100000E+04
   8.945246959900000E+00   6.270595597000000E-01   3.729379118200000E-01   4.997364338700000E-01   2.801502643600000E-01   1.965724054100000E+01   1.165263279100000E+04
   8.949191043100001E+00   6.272798973800000E-01   3.731382676800000E-01   4.997365529600000E-01   2.810029212700000E-01   1.964815249400000E+01   1.165263279100000E+04
   8.953130463300001E+00   6.275027723800000E-01   3.733385640200000E-01   4.997366729800000E-01   2.818174597100000E-01   1.963906465800000E+01   1.165263279100000E+04
   8.957065192100000E+00   6.277282363500000E-01   3.735387989600000E-01   4.997367918200000E-01   2.826296177700000E-01   1.962997706000000E+01   1.165263279100000E+04
   8.960995201499999E+00   6.279563416300000E-01   3.737389754700000E-01   4.997369182100000E-01   2.833799736200000E-01   1.962088972600000E+01   1.165263279100000E+04
   8.964920461500000E+00   6.281871409799999E-01   3.739390847300000E-01   4.997370346900000E-01   2.841745316700000E-01   1.961180268400000E+01   1.165263279100000E+04
   8.968840944200000E+00   6.284206879200001E-01   3.741391297100000E-01   4.997371500000000E-01   2.849666524600000E-01   1.960271596200000E+01   1.165263279100000E+04
   8.972756619500000E+00   6.286570364100000E-01   3.743391115000000E-01   4.997372689000000E-01   2.858627590000000E-01   1.959362959000000E+01   1.165263279100000E+04
   8.976667461400000E+00   6.288962411500000E-01   3.745390250100000E-01   4.997373818600000E-01   2.866699376700000E-01   1.958454358900000E+01   1.165263279100000E+04
   8.980573440100001E+00   6.291383572100000E-01   3.747388713500000E-01   4.997374936600000E-01   2.874746623100000E-01   1.957545798900000E+01   1.165263279100000E+04
   8.984474526800000E+00   6.293834402300000E-01   3.749386456900000E-01   4.997375957100000E-01   2.881732095800000E-01   1.956637281700000E+01   1.165263279100000E+04
   8.988370693300000E+00   6.296315463700000E-01   3.751383547800000E-01   4.997377051700000E-01   2.889577147900000E-01   1.955728810200000E+01   1.165263279100000E+04
   8.992261910900000E+00   6.298827322700000E-01   3.753379938000000E-01   4.997378134800000E-01   2.897547059800000E-01   1.954820387000000E+01   1.165263279100000E+04
   8.996148151500000E+00   6.301370550399999E-01   3.755375594800000E-01   4.997379154500000E-01   2.906744612100000E-01   1.953912014800000E+01   1.165263279100000E+04
   9.000029386500000E+00   6.303945722299999E-01   3.757370555000000E-01   4.997380214300000E-01   2.914679867900000E-01   1.953003696400000E+01   1.165263279100000E+04
   9.003905587900000E+00   6.306553418300000E-01   3.759364785800000E-01   4.997381262600000E-01   2.922589846100000E-01   1.952095434300000E+01   1.165263279100000E+04
   9.007776727600000E+00   6.309194222000000E-01   3.761358295000000E-01   4.997382337500000E-01   2.929633375200000E-01   1.951187231300000E+01   1.165263279100000E+04
   9.011642777600001E+00   6.311868721300000E-01   3.763351038700000E-01   4.997383362700000E-01   2.937806524100000E-01   1.950279090000000E+01   1.165263279100000E+04
   9.015503710200001E+00   6.314577507200000E-01   3.765343024700000E-01   4.997384376300000E-01   2.945954349500000E-01   1.949371013100000E+01   1.165263279100000E+04
   9.019359499700000E+00   6.317321175800000E-01   3.767334275700000E-01   4.997385447100000E-01   2.954100279400000E-01   1.948463002500000E+01   1.165263279100000E+04
   9.023210114499999E+00   6.320100321400000E-01   3.769324718400000E-01   4.997386437700000E-01   2.961981497000000E-01   1.947555061900000E+01   1.165263279100000E+04
   9.027055529200000E+00   6.322915545600000E-01   3.771314375600000E-01   4.997387416800000E-01   2.970073932700000E-01   1.946647193200000E+01   1.165263279100000E+04
   9.030895718200000E+00   6.325767451600000E-01   3.773303195300000E-01   4.997388287800000E-01   2.977764528600000E-01   1.945739398700000E+01   1.165263279100000E+04
   9.034730651800000E+00   6.328656643000000E-01   3.775291254200000E-01   4.997389244100000E-01   2.985513100400000E-01   1.944831681400000E+01   1.165263279100000E+04
   9.038560304700001E+00   6.331583726900000E-01   3.777278500600000E-01   4.997390188900000E-01   2.993457239400000E-01   1.943924043400000E+01   1.165263279100000E+04
   9.042384652399999E+00   6.334549313100000E-01   3.779265003300000E-01   4.997391292000000E-01   3.002091913800000E-01   1.943016486600000E+01   1.165263279100000E+04
   9.046203664500000E+00   6.337554007100000E-01   3.781250598100000E-01   4.997392214000000E-01   3.009883864600000E-01   1.942109014200000E+01   1.165263279100000E+04
   9.050017317100000E+00   6.340598420600000E-01   3.783235354200000E-01   4.997393124500000E-01   3.017649324800000E-01   1.941201628000000E+01   1.165263279100000E+04
   9.053825586100000E+00   6.343683165500000E-01   3.785219232000000E-01   4.997393953300000E-01   3.026002913200000E-01   1.940294329900000E+01   1.165263279100000E+04
   9.057628442700000E+00   6.346808849400000E-01   3.787202285200000E-01   4.997394841200000E-01   3.033875010300000E-01   1.939387122700000E+01   1.165263279100000E+04
   9.061425863500000E+00   6.349976083900000E-01   3.789184474600000E-01   4.997395717700000E-01   3.041720313800000E-01   1.938480008000000E+01   1.165263279100000E+04
   9.065217823199999E+00   6.353185478200000E-01   3.791165743300000E-01   4.997396475600000E-01   3.049557736300000E-01   1.937572987900000E+01   1.165263279100000E+04
   9.069004298099999E+00   6.356437641300000E-01   3.793146181000000E-01   4.997397329600000E-01   3.057406140500000E-01   1.936666064400000E+01   1.165263279100000E+04
   9.072785263500000E+00   6.359733179700000E-01   3.795125731100000E-01   4.997398172400000E-01   3.065227452900000E-01   1.935759239200000E+01   1.165263279100000E+04
   9.076560696100000E+00   6.363072699100000E-01   3.797104397100000E-01   4.997399027800000E-01   3.072293124300000E-01   1.934852514000000E+01   1.165263279100000E+04
   9.080330571499999E+00   6.366456801100000E-01   3.799082149400000E-01   4.997399848000000E-01   3.080022523100000E-01   1.933945890800000E+01   1.165263279100000E+04
   9.084094866999999E+00   6.369886086200000E-01   3.801058991800000E-01   4.997400657000000E-01   3.087975959700000E-01   1.933039371100000E+01   1.165263279100000E+04
   9.087853559999999E+00   6.373361151100000E-01   3.803034910600000E-01   4.997401439900000E-01   3.096422508000000E-01   1.932132956400000E+01   1.165263279100000E+04
   9.091606627999999E+00   6.376882588700000E-01   3.805009912400000E-01   4.997402226400000E-01   3.104180195700000E-01   1.931226648100000E+01   1.165263279100000E+04
   9.095354049199999E+00   6.380450988000000E-01   3.806983983700000E-01   4.997403001800000E-01   3.111910225000000E-01   1.930320447500000E+01   1.165263279100000E+04
   9.099095802400001E+00   6.384066933900000E-01   3.808957115000000E-01   4.997403758200000E-01   3.119272574700000E-01   1.929414355800000E+01   1.165263279100000E+04
   9.102831865900001E+00   6.387731004900000E-01   3.810929306500000E-01   4.997404511200000E-01   3.126882379500000E-01   1.928508374400000E+01   1.165263279100000E+04
   9.106562219300001E+00   6.391443775300000E-01   3.812900549000000E-01   4.997405253100000E-01   3.134464352100000E-01   1.927602504000000E+01   1.165263279100000E+04
   9.110286842300001E+00   6.395205812400000E-01   3.814870846100000E-01   4.997406005000000E-01   3.142786422600000E-01   1.926696745900000E+01   1.165263279100000E+04
   9.114005715799999E+00   6.399017678400000E-01   3.816840173500000E-01   4.997406724600000E-01   3.150423841200000E-01   1.925791100500000E+01   1.165263279100000E+04
   9.117718820200000E+00   6.402879927200000E-01   3.818808535300000E-01   4.997407433000000E-01   3.158033106300000E-01   1.924885568700000E+01   1.165263279100000E+04
   9.121426139600000E+00   6.406793108600000E-01   3.820775949600000E-01   4.997408177600000E-01   3.164726685900000E-01   1.923980150300000E+01   1.165263279100000E+04
   9.125127650400000E+00   6.410757755700000E-01   3.822742365500000E-01   4.997408863800000E-01   3.172609446800000E-01   1.923074847200000E+01   1.165263279100000E+04
   9.128823337500000E+00   6.414774401700000E-01   3.824707801700000E-01   4.997409538900000E-01   3.180463621200000E-01   1.922169658900000E+01   1.165263279100000E+04
   9.132513183800000E+00   6.418843568100000E-01   3.826672225700000E-01   4.997410141400000E-01   3.188967113100000E-01   1.921264585700000E+01   1.165263279100000E+04
   9.136197172499999E+00   6.422965766600000E-01   3.828635689900000E-01   4.997410794500000E-01   3.196570611100000E-01   1.920359627800000E+01   1.165263279100000E+04
   9.139875287600001E+00   6.427141499100000E-01   3.830598162500000E-01   4.997411436500000E-01   3.204145409000000E-01   1.919454784900000E+01   1.165263279100000E+04
   9.143547515100000E+00   6.431371258200000E-01   3.832559675600000E-01   4.997412143100000E-01   3.211486954000000E-01   1.918550056500000E+01   1.165263279100000E+04
   9.147213836700001E+00   6.435655521600000E-01   3.834520155300000E-01   4.997412763100000E-01   3.218969240700000E-01   1.917645443000000E+01   1.165263279100000E+04
   9.150874239400000E+00   6.439994759100000E-01   3.836479634100000E-01   4.997413372000000E-01   3.226422706100000E-01   1.916740943600000E+01   1.165263279100000E+04
   9.154528707700001E+00   6.444389425600000E-01   3.838438151400000E-01   4.997414062900000E-01   3.234332380200000E-01   1.915836558000000E+01   1.165263279100000E+04
   9.158177231700000E+00   6.448839968500000E-01   3.840395621600000E-01   4.997414649700000E-01   3.241787302700000E-01   1.914932284600000E+01   1.165263279100000E+04
   9.161819796800000E+00   6.453346816900000E-01   3.842352084700000E-01   4.997415225600000E-01   3.249213159500000E-01   1.914028122900000E+01   1.165263279100000E+04
   9.165456390499999E+00   6.457910388100000E-01   3.844307576000000E-01   4.997415871600000E-01   3.256580845300000E-01   1.913124071900000E+01   1.165263279100000E+04
   9.169087001799999E+00   6.462531085100000E-01   3.846262020400000E-01   4.997416425500000E-01   3.264296209300000E-01   1.912220130200000E+01   1.165263279100000E+04
   9.172711619399999E+00   6.467209296500001E-01   3.848215454000000E-01   4.997416968400000E-01   3.271981882800000E-01   1.911316296500000E+01   1.165263279100000E+04
   9.176330232900000E+00   6.471945395900000E-01   3.850167760000000E-01   4.997417247000000E-01   3.279247293600000E-01   1.910412569100000E+01   1.165263279100000E+04
   9.179942832100000E+00   6.476739740300000E-01   3.852119170800000E-01   4.997417768200000E-01   3.286924415000000E-01   1.909508946600000E+01   1.165263279100000E+04
   9.183549407799999E+00   6.481592671700001E-01   3.854069570200000E-01   4.997418278600000E-01   3.294571585800000E-01   1.908605426900000E+01   1.165263279100000E+04
   9.187149951900000E+00   6.486504515800000E-01   3.856018960500000E-01   4.997418781400000E-01   3.302522507500000E-01   1.907702007900000E+01   1.165263279100000E+04
   9.190744455100001E+00   6.491475579000000E-01   3.857967338800000E-01   4.997419269900000E-01   3.309973276600000E-01   1.906798687700000E+01   1.165263279100000E+04
   9.194332910500000E+00   6.496506152400000E-01   3.859914708100000E-01   4.997419747500000E-01   3.317394111400000E-01   1.905895463800000E+01   1.165263279100000E+04
   9.197915310200001E+00   6.501596507300000E-01   3.861861091800000E-01   4.997420263100000E-01   3.324362779500000E-01   1.904992333900000E+01   1.165263279100000E+04
   9.201491649499999E+00   6.506746899900000E-01   3.863806447900000E-01   4.997420718900000E-01   3.331653865700000E-01   1.904089294800000E+01   1.165263279100000E+04
   9.205061921700000E+00   6.511957564200000E-01   3.865750800300000E-01   4.997421163800000E-01   3.338915045100000E-01   1.903186344000000E+01   1.165263279100000E+04
   9.208626121900000E+00   6.517228716200000E-01   3.867694127000000E-01   4.997421543800000E-01   3.346918064600000E-01   1.902283478300000E+01   1.165263279100000E+04
   9.212184244900000E+00   6.522560551300000E-01   3.869636480100000E-01   4.997421967000000E-01   3.354209933700000E-01   1.901380694800000E+01   1.165263279100000E+04
   9.215736286800000E+00   6.527953245700000E-01   3.871577838300000E-01   4.997422379300000E-01   3.361471597100000E-01   1.900477989900000E+01   1.165263279100000E+04
   9.219282243000000E+00   6.533406953000001E-01   3.873518329800000E-01   4.997423052800000E-01   3.369171553900000E-01   1.899575360500000E+01   1.165263279100000E+04
   9.222822112399999E+00   6.538921811100000E-01   3.875457708600000E-01   4.997423443100000E-01   3.376436533800000E-01   1.898672802300000E+01   1.165263279100000E+04
   9.226355891700001E+00   6.544497931300000E-01   3.877396104000000E-01   4.997423822700000E-01   3.383671070500000E-01   1.897770311800000E+01   1.165263279100000E+04
   9.229883575900001E+00   6.550135400800000E-01   3.879333500400000E-01   4.997424151800000E-01   3.390947153000000E-01   1.896867885700000E+01   1.165263279100000E+04
   9.233405169499999E+00   6.555834297799999E-01   3.881269942600000E-01   4.997424509600000E-01   3.398129259500000E-01   1.895965518300000E+01   1.165263279100000E+04
   9.236920668500000E+00   6.561594665200000E-01   3.883205415800000E-01   4.997424856700000E-01   3.405314490500000E-01   1.895063206000000E+01   1.165263279100000E+04
   9.240430074900001E+00   6.567416531300000E-01   3.885139829100000E-01   4.997424981700000E-01   3.413190492400000E-01   1.894160943700000E+01   1.165263279100000E+04
   9.243933384200000E+00   6.573299890199999E-01   3.887073381300000E-01   4.997425307200000E-01   3.420624976400000E-01   1.893258728100000E+01   1.165263279100000E+04
   9.247430599099999E+00   6.579244724100000E-01   3.889005981900000E-01   4.997425621900000E-01   3.428028051200000E-01   1.892356553600000E+01   1.165263279100000E+04
   9.250921720799999E+00   6.585250988100000E-01   3.890937635100000E-01   4.997425920900000E-01   3.435342347200000E-01   1.891454415200000E+01   1.165263279100000E+04
   9.254406750499999E+00   6.591318613300000E-01   3.892868352200000E-01   4.997426213900000E-01   3.442698135100000E-01   1.890552308000000E+01   1.165263279100000E+04
   9.257885690300000E+00   6.597447507000000E-01   3.894798138100000E-01   4.997426496100000E-01   3.450022354700000E-01   1.889650226500000E+01   1.165263279100000E+04
   9.261358542500000E+00   6.603637552200000E-01   3.896727007500000E-01   4.997426783800000E-01   3.456331763700000E-01   1.888748165400000E+01   1.165263279100000E+04
   9.264825309700001E+00   6.609888608500000E-01   3.898654953000000E-01   4.997427044300000E-01   3.463372052200000E-01   1.887846119000000E+01   1.165263279100000E+04
   9.268285995099999E+00   6.616200509900000E-01   3.900581990000000E-01   4.997427294000000E-01   3.470381254200000E-01   1.886944081700000E+01   1.165263279100000E+04
   9.271740602100000E+00   6.622573066100000E-01   3.902508137600000E-01   4.997427556300000E-01   3.478825990200000E-01   1.886042047600000E+01   1.165263279100000E+04
   9.275189134700000E+00   6.629006062000000E-01   3.904433382500000E-01   4.997427784300000E-01   3.485938057800000E-01   1.885140010600000E+01   1.165263279100000E+04
   9.278631597000000E+00   6.635499257500000E-01   3.906357744200000E-01   4.997428001400000E-01   3.493018504800000E-01   1.884237964700000E+01   1.165263279100000E+04
   9.282068000700001E+00   6.642052402200000E-01   3.908281410200000E-01   4.997428582600000E-01   3.499201125400000E-01   1.883335901700000E+01   1.165263279100000E+04
   9.285498336300000E+00   6.648665177200000E-01   3.910204032700000E-01   4.997428777600000E-01   3.506627178800000E-01   1.882433818900000E+01   1.165263279100000E+04
   9.288922615900001E+00   6.655337281400000E-01   3.912125799500000E-01   4.997428961700000E-01   3.514020528600000E-01   1.881531707900000E+01   1.165263279100000E+04
   9.292340844800000E+00   6.662068374300000E-01   3.914046520200000E-01   4.997428705100000E-01   3.522149222200000E-01   1.880629562100000E+01   1.165263279100000E+04
   9.295753029000000E+00   6.668858090899999E-01   3.915966605300000E-01   4.997428867900000E-01   3.529325205200000E-01   1.879727374700000E+01   1.165263279100000E+04
   9.299159174100000E+00   6.675706040100000E-01   3.917885864400000E-01   4.997429019900000E-01   3.536468712800000E-01   1.878825138700000E+01   1.165263279100000E+04
   9.302559286099999E+00   6.682611805799999E-01   3.919804319600000E-01   4.997429186200000E-01   3.543598181400000E-01   1.877922847200000E+01   1.165263279100000E+04
   9.305953371399999E+00   6.689574947500000E-01   3.921721957800000E-01   4.997429316300000E-01   3.550713345100000E-01   1.877020493200000E+01   1.165263279100000E+04
   9.309341436100000E+00   6.696594998900000E-01   3.923638801500000E-01   4.997429435500000E-01   3.557795841000000E-01   1.876118069300000E+01   1.165263279100000E+04
   9.312723485899999E+00   6.703671466800000E-01   3.925554882600000E-01   4.997429590300000E-01   3.563716255800000E-01   1.875215568500000E+01   1.165263279100000E+04
   9.316099529500001E+00   6.710803839800000E-01   3.927470169700000E-01   4.997429687600000E-01   3.571025940700000E-01   1.874312983000000E+01   1.165263279100000E+04
   9.319469572399999E+00   6.717991575300000E-01   3.929384695100000E-01   4.997429774000000E-01   3.578302079600000E-01   1.873410305400000E+01   1.165263279100000E+04
   9.322833628600000E+00   6.725234123100000E-01   3.931298540100000E-01   4.997429990600000E-01   3.585091246500000E-01   1.872507526500000E+01   1.165263279100000E+04
   9.326191690900000E+00   6.732530864000000E-01   3.933211576100000E-01   4.997430054800000E-01   3.591920316900000E-01   1.871604642100000E+01   1.165263279100000E+04
   9.329543773099999E+00   6.739881199200000E-01   3.935123884400000E-01   4.997430108100000E-01   3.598716879000000E-01   1.870701642800000E+01   1.165263279100000E+04
   9.332889881600000E+00   6.747284490100000E-01   3.937035389700000E-01   4.997429965100000E-01   3.607277236200000E-01   1.869798520800000E+01   1.165263279100000E+04
   9.336230024500001E+00   6.754740077600000E-01   3.938946277800000E-01   4.997429996600000E-01   3.614289471600000E-01   1.868895268100000E+01   1.165263279100000E+04
   9.339564207800001E+00   6.762247275900000E-01   3.940856473400000E-01   4.997430017000000E-01   3.621268191300000E-01   1.867991876900000E+01   1.165263279100000E+04
   9.342892439900000E+00   6.769805379300000E-01   3.942765988800000E-01   4.997430025900000E-01   3.628303103100000E-01   1.867088338800000E+01   1.165263279100000E+04
   9.346214724599999E+00   6.777413652199999E-01   3.944674834700000E-01   4.997430024200000E-01   3.635263676200000E-01   1.866184646500000E+01   1.165263279100000E+04
   9.349531069899999E+00   6.785071343500000E-01   3.946583023700000E-01   4.997430011400000E-01   3.642190484100000E-01   1.865280791800000E+01   1.165263279100000E+04
   9.352841483400001E+00   6.792777680900000E-01   3.948491411500000E-01   4.997431784900000E-01   3.649238555000000E-01   1.864376766100000E+01   1.165263279100000E+04
   9.356145969000000E+00   6.800531860000000E-01   3.950398321900000E-01   4.997431748000000E-01   3.656166276200000E-01   1.863472561800000E+01   1.165263279100000E+04
   9.359444533800000E+00   6.808333064800000E-01   3.952304611100000E-01   4.997431700000000E-01   3.663059909600000E-01   1.862568170700000E+01   1.165263279100000E+04
   9.362737184100000E+00   6.816180456000001E-01   3.954209540000000E-01   4.997430041300000E-01   3.669441330300000E-01   1.861663584300000E+01   1.165263279100000E+04
   9.366023925100000E+00   6.824073170700000E-01   3.956114623300000E-01   4.997429972600000E-01   3.676182524400000E-01   1.860758794700000E+01   1.165263279100000E+04
   9.369304762500001E+00   6.832010328500000E-01   3.958019121300000E-01   4.997429892700000E-01   3.682889858600000E-01   1.859853793700000E+01   1.165263279100000E+04
   9.372579701099999E+00   6.839991027600000E-01   3.959922943800000E-01   4.997429585000000E-01   3.690818500600000E-01   1.858948573000000E+01   1.165263279100000E+04
   9.375848746200001E+00   6.848014348100000E-01   3.961826306800000E-01   4.997429482900000E-01   3.697721736800000E-01   1.858043124400000E+01   1.165263279100000E+04
   9.379111902200000E+00   6.856079349999999E-01   3.963729119700000E-01   4.997429369500000E-01   3.704590046700000E-01   1.857137439800000E+01   1.165263279100000E+04
   9.382369173300001E+00   6.864185075400000E-01   3.965631394200000E-01   4.997429244100000E-01   3.711473861500000E-01   1.856231511000000E+01   1.165263279100000E+04
   9.385620563200000E+00   6.872330547600000E-01   3.967533142100000E-01   4.997429108100000E-01   3.718334546400000E-01   1.855325329800000E+01   1.165263279100000E+04
   9.388866075499999E+00   6.880514773400001E-01   3.969434374800000E-01   4.997428960700000E-01   3.725159966000000E-01   1.854418888000000E+01   1.165263279100000E+04
   9.392105713099999E+00   6.888736741900000E-01   3.971335103800000E-01   4.997428802700000E-01   3.731898590700000E-01   1.853512177700000E+01   1.165263279100000E+04
   9.395339478800000E+00   6.896995427100000E-01   3.973235339700000E-01   4.997428632500000E-01   3.738635691900000E-01   1.852605190700000E+01   1.165263279100000E+04
   9.398567374800001E+00   6.905289786000000E-01   3.975135093900000E-01   4.997428450800000E-01   3.745337492000000E-01   1.851697919100000E+01   1.165263279100000E+04
   9.401789403500000E+00   6.913618762200000E-01   3.977034378400000E-01   4.997428259400000E-01   3.752406887700000E-01   1.850790354600000E+01   1.165263279100000E+04
   9.405005564800000E+00   6.921981280300000E-01   3.978933201800000E-01   4.997428054800000E-01   3.759254669100000E-01   1.849882489700000E+01   1.165263279100000E+04
   9.408215860100000E+00   6.930376255300000E-01   3.980831575600000E-01   4.997427838600000E-01   3.766066178200000E-01   1.848974316400000E+01   1.165263279100000E+04
   9.411420296099999E+00   6.938802597900000E-01   3.982729646300000E-01   4.997427890700000E-01   3.772286259800000E-01   1.848065825100000E+01   1.165263279100000E+04
   9.414618860799999E+00   6.947259176400000E-01   3.984627152600000E-01   4.997427651100000E-01   3.778872047200000E-01   1.847157011300000E+01   1.165263279100000E+04
   9.417811557700000E+00   6.955744871300000E-01   3.986524239400000E-01   4.997427399800000E-01   3.785459752300000E-01   1.846247866100000E+01   1.165263279100000E+04
   9.420998401000000E+00   6.964258584500000E-01   3.988421202800000E-01   4.997427722900000E-01   3.792778351100000E-01   1.845338377600000E+01   1.165263279100000E+04
   9.424179362300000E+00   6.972799104000000E-01   3.990317482200000E-01   4.997427447600000E-01   3.799630984700000E-01   1.844428545800000E+01   1.165263279100000E+04
   9.427354448199999E+00   6.981365293500000E-01   3.992213369600000E-01   4.997427160600000E-01   3.806446157500000E-01   1.843518360700000E+01   1.165263279100000E+04
   9.430523624699999E+00   6.989955894800000E-01   3.994118380800000E-01   4.997446976700000E-01   3.813269376800000E-01   1.842607823700000E+01   1.165263279100000E+04
   9.433686979100001E+00   6.998569992100000E-01   3.996013522200000E-01   4.997446644700000E-01   3.819938539200000E-01   1.841696901600000E+01   1.165263279100000E+04
   9.436844425500000E+00   7.007206173400000E-01   3.997908285300000E-01   4.997446300900000E-01   3.826570350600000E-01   1.840785610600000E+01   1.165263279100000E+04
   9.439995869000001E+00   7.015863013500000E-01   3.999803047000000E-01   4.997446837100000E-01   3.833326128500000E-01   1.839873969800000E+01   1.165263279100000E+04
   9.443141545100000E+00   7.024539945600000E-01   4.001697114400000E-01   4.997446468500000E-01   3.840012925300000E-01   1.838961902500000E+01   1.165263279100000E+04
   9.446281306400000E+00   7.033235392700000E-01   4.003590833500000E-01   4.997446088000000E-01   3.846661699100000E-01   1.838049442500000E+01   1.165263279100000E+04
   9.449415161999999E+00   7.041948188900000E-01   4.005475994300000E-01   4.997428359600000E-01   3.852249689200000E-01   1.837136578900000E+01   1.165263279100000E+04
   9.452543098900000E+00   7.050677103400000E-01   4.007369060700000E-01   4.997427973300000E-01   3.858635494500000E-01   1.836223306100000E+01   1.165263279100000E+04
   9.455665110900000E+00   7.059420923000000E-01   4.009261808100000E-01   4.997427574900000E-01   3.864984107700000E-01   1.835309617200000E+01   1.165263279100000E+04
   9.458781188200000E+00   7.068178421900000E-01   4.011152164600000E-01   4.997422792500000E-01   3.872627799800000E-01   1.834395505800000E+01   1.165263279100000E+04
   9.461891322500000E+00   7.076948380100000E-01   4.013044294600000E-01   4.997422374400000E-01   3.879394645000000E-01   1.833480965900000E+01   1.165263279100000E+04
   9.464995502500001E+00   7.085729566300000E-01   4.014936123900000E-01   4.997421944000000E-01   3.886121773700000E-01   1.832565991400000E+01   1.165263279100000E+04
   9.468093716800000E+00   7.094520751100000E-01   4.016827654800000E-01   4.997421494100000E-01   3.892504866000000E-01   1.831650576400000E+01   1.165263279100000E+04
   9.471185953000001E+00   7.103320703700000E-01   4.018718898900000E-01   4.997421039100000E-01   3.898901574200000E-01   1.830734715100000E+01   1.165263279100000E+04
   9.474272198500000E+00   7.112128194100000E-01   4.020609857700000E-01   4.997420571700000E-01   3.905259699100000E-01   1.829818402000000E+01   1.165263279100000E+04
   9.477352439600001E+00   7.120941992199999E-01   4.022500534400000E-01   4.997420089700000E-01   3.912604730700000E-01   1.828901631700000E+01   1.165263279100000E+04
   9.480426661999999E+00   7.129760870500000E-01   4.024390935200000E-01   4.997419597400000E-01   3.919165045600000E-01   1.827984398700000E+01   1.165263279100000E+04
   9.483494850700000E+00   7.138583602300000E-01   4.026281062800000E-01   4.997419092500000E-01   3.925685204100000E-01   1.827066697900000E+01   1.165263279100000E+04
   9.486556989600000E+00   7.147408963800000E-01   4.028170955900000E-01   4.997418649600000E-01   3.932029910800000E-01   1.826148524400000E+01   1.165263279100000E+04
   9.489613062300000E+00   7.156235735399999E-01   4.030060546300000E-01   4.997418119300000E-01   3.938416768200000E-01   1.825229873300000E+01   1.165263279100000E+04
   9.492663051399999E+00   7.165062700700000E-01   4.031949872200000E-01   4.997417576400000E-01   3.944763656900000E-01   1.824310740000000E+01   1.165263279100000E+04
   9.495706942600000E+00   7.173888659100000E-01   4.033839039500000E-01   4.997417233100000E-01   3.951512473700000E-01   1.823391118600000E+01   1.165263279100000E+04
   9.498744709300000E+00   7.182712382599999E-01   4.035727842300000E-01   4.997416664400000E-01   3.958057900400000E-01   1.822471007300000E+01   1.165263279100000E+04
   9.501776335800001E+00   7.191532682000000E-01   4.037616386100000E-01   4.997416082800000E-01   3.964561716100000E-01   1.821550400500000E+01   1.165263279100000E+04
   9.504801799799999E+00   7.200348358300001E-01   4.039504552500000E-01   4.997415241400000E-01   3.970607009800000E-01   1.820629294900000E+01   1.165263279100000E+04
   9.507821084000000E+00   7.209158235899999E-01   4.041392580600000E-01   4.997414634100000E-01   3.976866381600000E-01   1.819707685500000E+01   1.165263279100000E+04
   9.510834164500000E+00   7.217961130700000E-01   4.043280351500000E-01   4.997414013800000E-01   3.983084998300000E-01   1.818785569000000E+01   1.165263279100000E+04
   9.513841020099999E+00   7.226755873300000E-01   4.045168339300000E-01   4.997414370200000E-01   3.989882183200000E-01   1.817862941700000E+01   1.165263279100000E+04
   9.516841625100000E+00   7.235541301800000E-01   4.047055594800000E-01   4.997413722600000E-01   3.996108637500000E-01   1.816939800700000E+01   1.165263279100000E+04
   9.519835956300000E+00   7.244316264300000E-01   4.048942591500000E-01   4.997413061800000E-01   4.002293749900000E-01   1.816016142600000E+01   1.165263279100000E+04
   9.522823980400000E+00   7.253079596799999E-01   4.050830695200000E-01   4.997415254400000E-01   4.008758726100000E-01   1.815091967100000E+01   1.165263279100000E+04
   9.525805689500000E+00   7.261830214800000E-01   4.052717169400000E-01   4.997414564100000E-01   4.014903277700000E-01   1.814167265700000E+01   1.165263279100000E+04
   9.528781048400001E+00   7.270566975300000E-01   4.054603379900000E-01   4.997413860500000E-01   4.021006203100000E-01   1.813242038600000E+01   1.165263279100000E+04
   9.531750030700000E+00   7.279288772100000E-01   4.056487462200000E-01   4.997409258000000E-01   4.028337839100000E-01   1.812316283200000E+01   1.165263279100000E+04
   9.534712607900000E+00   7.287994507100000E-01   4.058373138900000E-01   4.997408531300000E-01   4.034720779600000E-01   1.811389997000000E+01   1.165263279100000E+04
   9.537668752300000E+00   7.296683098800000E-01   4.060258543500000E-01   4.997407790900000E-01   4.041059744100000E-01   1.810463178000000E+01   1.165263279100000E+04
   9.540618434300001E+00   7.305353476300001E-01   4.062143675000000E-01   4.997407042500000E-01   4.046441982500000E-01   1.809535823900000E+01   1.165263279100000E+04
   9.543561625400001E+00   7.314004586700000E-01   4.064028524600000E-01   4.997406274800000E-01   4.052947421800000E-01   1.808607932900000E+01   1.165263279100000E+04
   9.546498294699999E+00   7.322635387100001E-01   4.065913090500000E-01   4.997405493300000E-01   4.059407223600000E-01   1.807679503400000E+01   1.165263279100000E+04
   9.549428411799999E+00   7.331244850900001E-01   4.067797605900000E-01   4.997405192400000E-01   4.066151794300000E-01   1.806750533500000E+01   1.165263279100000E+04
   9.552351944300000E+00   7.339831964900000E-01   4.069681590000000E-01   4.997404382600000E-01   4.072366618700000E-01   1.805821022100000E+01   1.165263279100000E+04
   9.555268860400000E+00   7.348395732900000E-01   4.071565275400000E-01   4.997403558900000E-01   4.078536825100000E-01   1.804890968000000E+01   1.165263279100000E+04
   9.558179123900000E+00   7.356935164200000E-01   4.073448685900000E-01   4.997402787000000E-01   4.084436403500000E-01   1.803960371000000E+01   1.165263279100000E+04
   9.561082708500001E+00   7.365449314300000E-01   4.075331756700000E-01   4.997401935000000E-01   4.090777610800000E-01   1.803029228000000E+01   1.165263279100000E+04
   9.563979576700000E+00   7.373937224900000E-01   4.077214510800000E-01   4.997401068900000E-01   4.097072436000000E-01   1.802097539300000E+01   1.165263279100000E+04
   9.566869691699999E+00   7.382397958200000E-01   4.079096701900000E-01   4.997399694000000E-01   4.102825766500000E-01   1.801165305000000E+01   1.165263279100000E+04
   9.569753023100001E+00   7.390830613200000E-01   4.080978802300000E-01   4.997398799800000E-01   4.108781785100000E-01   1.800232523100000E+01   1.165263279100000E+04
   9.572629533000001E+00   7.399234286500000E-01   4.082860565000000E-01   4.997397891200000E-01   4.114693279200000E-01   1.799299194100000E+01   1.165263279100000E+04
   9.575499185500000E+00   7.407608100400001E-01   4.084741959000000E-01   4.997396919400000E-01   4.121127157000000E-01   1.798365317600000E+01   1.165263279100000E+04
   9.578361943399999E+00   7.415951192000000E-01   4.086623022800000E-01   4.997395981900000E-01   4.127436328200000E-01   1.797430893800000E+01   1.165263279100000E+04
   9.581217770000000E+00   7.424262719700000E-01   4.088503724900000E-01   4.997395029700000E-01   4.133697473500000E-01   1.796495922600000E+01   1.165263279100000E+04
   9.584066627500000E+00   7.432541859500000E-01   4.090384127200000E-01   4.997394208700000E-01   4.140025867500000E-01   1.795560404300000E+01   1.165263279100000E+04
   9.586908478000000E+00   7.440787805700000E-01   4.092264080000000E-01   4.997393226900000E-01   4.146009300200000E-01   1.794624339100000E+01   1.165263279100000E+04
   9.589743282900001E+00   7.448999771900000E-01   4.094143644500000E-01   4.997392230300000E-01   4.151946225700000E-01   1.793687727600000E+01   1.165263279100000E+04
   9.592571003300000E+00   7.457176991000000E-01   4.096022734600000E-01   4.997391059800000E-01   4.157743261500000E-01   1.792750570300000E+01   1.165263279100000E+04
   9.595391599699999E+00   7.465318714200000E-01   4.097901494000000E-01   4.997390033500000E-01   4.163570671500000E-01   1.791812868000000E+01   1.165263279100000E+04
   9.598205032399999E+00   7.473424212899999E-01   4.099779836100000E-01   4.997388992100000E-01   4.169542904300000E-01   1.790874621600000E+01   1.165263279100000E+04
   9.601011261300000E+00   7.481492778100000E-01   4.101657836200000E-01   4.997388112500000E-01   4.175872512800000E-01   1.789935831900000E+01   1.165263279100000E+04
   9.603810245600000E+00   7.489523719700000E-01   4.103535312600000E-01   4.997387040600000E-01   4.182001057800000E-01   1.788996500100000E+01   1.165263279100000E+04
   9.606601944700000E+00   7.497516367900000E-01   4.105412340200000E-01   4.997385953400000E-01   4.188080092200000E-01   1.788056627500000E+01   1.165263279100000E+04
   9.609386316300000E+00   7.505470070000000E-01   4.107288827100000E-01   4.997384684600000E-01   4.193197871100000E-01   1.787116215500000E+01   1.165263279100000E+04
   9.612163320600001E+00   7.513384200500000E-01   4.109164924100000E-01   4.997383566700000E-01   4.199304587400000E-01   1.786175264900000E+01   1.165263279100000E+04
   9.614932914900001E+00   7.521258146299999E-01   4.111040538800000E-01   4.997382433300000E-01   4.205435204400000E-01   1.785233777700000E+01   1.165263279100000E+04
   9.617695057300001E+00   7.529091317800000E-01   4.112915682100000E-01   4.997381330400000E-01   4.211900726000000E-01   1.784291755300000E+01   1.165263279100000E+04
   9.620449704600000E+00   7.536883142600000E-01   4.114790297100000E-01   4.997380165700000E-01   4.217731480900000E-01   1.783349199700000E+01   1.165263279100000E+04
   9.623196814500000E+00   7.544633070600000E-01   4.116664394300000E-01   4.997378985200000E-01   4.223513319700000E-01   1.782406112400000E+01   1.165263279100000E+04
   9.625936344099999E+00   7.552340571300000E-01   4.118538187900000E-01   4.997378255500000E-01   4.229445072300000E-01   1.781462495400000E+01   1.165263279100000E+04
   9.628668249900000E+00   7.560005132800000E-01   4.120411212500000E-01   4.997377042800000E-01   4.235193964400000E-01   1.780518350700000E+01   1.165263279100000E+04
   9.631392488500000E+00   7.567626264300000E-01   4.122283682200000E-01   4.997375814100000E-01   4.240893738500000E-01   1.779573680500000E+01   1.165263279100000E+04
   9.634109014600000E+00   7.575203489400000E-01   4.124155863000000E-01   4.997375146700000E-01   4.246876468900000E-01   1.778628487400000E+01   1.165263279100000E+04
   9.636817787900000E+00   7.582736365600000E-01   4.126027184100000E-01   4.997373885200000E-01   4.252569272900000E-01   1.777682772400000E+01   1.165263279100000E+04
   9.639518762500000E+00   7.590224455800000E-01   4.127897911500000E-01   4.997372607400000E-01   4.258212551000000E-01   1.776736538400000E+01   1.165263279100000E+04
   9.642211894500001E+00   7.597667347900000E-01   4.129767523700000E-01   4.997370266500000E-01   4.263835427100000E-01   1.775789787800000E+01   1.165263279100000E+04
   9.644897138999999E+00   7.605064646500000E-01   4.131637024100000E-01   4.997368956800000E-01   4.269385688800000E-01   1.774842523100000E+01   1.165263279100000E+04
   9.647574451900001E+00   7.612415978200000E-01   4.133505890600000E-01   4.997367630600000E-01   4.275071031600000E-01   1.773894746700000E+01   1.165263279100000E+04
   9.650243788499999E+00   7.619720987600000E-01   4.135374136100000E-01   4.997366341700000E-01   4.281197906100000E-01   1.772946461200000E+01   1.165263279100000E+04
   9.652905104000000E+00   7.626979337999999E-01   4.137241694000000E-01   4.997364982100000E-01   4.286956458600000E-01   1.771997669300000E+01   1.165263279100000E+04
   9.655558353600000E+00   7.634190711700000E-01   4.139108576900000E-01   4.997363605700000E-01   4.292663034400000E-01   1.771048373500000E+01   1.165263279100000E+04
   9.658203492400000E+00   7.641354809300001E-01   4.140974933800000E-01   4.997362547600000E-01   4.297957937000000E-01   1.770098576700000E+01   1.165263279100000E+04
   9.660840475600001E+00   7.648471350500000E-01   4.142840424500000E-01   4.997361137000000E-01   4.303406364800000E-01   1.769148281700000E+01   1.165263279100000E+04
   9.663469257899999E+00   7.655540072300000E-01   4.144705198000000E-01   4.997359709400000E-01   4.308804896400000E-01   1.768197491100000E+01   1.165263279100000E+04
   9.666089794499999E+00   7.662560730100000E-01   4.146569134700000E-01   4.997358048500000E-01   4.315099118600000E-01   1.767246208000000E+01   1.165263279100000E+04
   9.668702039899999E+00   7.669533096600000E-01   4.148432430900000E-01   4.997356586600000E-01   4.320617978000000E-01   1.766294435100000E+01   1.165263279100000E+04
   9.671305949200001E+00   7.676456962600000E-01   4.150294966900000E-01   4.997355107400000E-01   4.326085359500000E-01   1.765342175600000E+01   1.165263279100000E+04
   9.673901477099999E+00   7.683332135900000E-01   4.152156622200000E-01   4.997353393700000E-01   4.331222932700000E-01   1.764389432300000E+01   1.165263279100000E+04
   9.676488578500001E+00   7.690158441300000E-01   4.154017594200000E-01   4.997351879700000E-01   4.336725857300000E-01   1.763436208200000E+01   1.165263279100000E+04
   9.679067208099999E+00   7.696935720400000E-01   4.155877762300000E-01   4.997350348000000E-01   4.342370250400000E-01   1.762482506500000E+01   1.165263279100000E+04
   9.681637320900000E+00   7.703663831499999E-01   4.157737422300000E-01   4.997349435000000E-01   4.347886098300000E-01   1.761528330100000E+01   1.165263279100000E+04
   9.684198871600000E+00   7.710342649300000E-01   4.159595938400000E-01   4.997347867300000E-01   4.353442720900000E-01   1.760573682300000E+01   1.165263279100000E+04
   9.686751815199999E+00   7.716972063999999E-01   4.161453606400000E-01   4.997346281600000E-01   4.358945687500000E-01   1.759618566000000E+01   1.165263279100000E+04
   9.689296106600001E+00   7.723551982000000E-01   4.163310350200000E-01   4.997344552200000E-01   4.364333730700000E-01   1.758662984500000E+01   1.165263279100000E+04
   9.691831700800000E+00   7.730082325199999E-01   4.165166277800000E-01   4.997342930400000E-01   4.369766930300000E-01   1.757706940900000E+01   1.165263279100000E+04
   9.694358552800001E+00   7.736563030300000E-01   4.167021312900000E-01   4.997341290400000E-01   4.375146872400000E-01   1.756750438400000E+01   1.165263279100000E+04
   9.696876617899999E+00   7.742994049300000E-01   4.168875214900000E-01   4.997339170400000E-01   4.380014637800000E-01   1.755793480200000E+01   1.165263279100000E+04
   9.699385851000001E+00   7.749375348400001E-01   4.170728420400000E-01   4.997337494000000E-01   4.385486623200000E-01   1.754836069400000E+01   1.165263279100000E+04
   9.701886207599999E+00   7.755706908700000E-01   4.172580688700000E-01   4.997335799100000E-01   4.390904055300000E-01   1.753878209300000E+01   1.165263279100000E+04
   9.704377643000001E+00   7.761988724500000E-01   4.174432057800000E-01   4.997334193800000E-01   4.395914575000000E-01   1.752919903200000E+01   1.165263279100000E+04
   9.706860112599999E+00   7.768220804900000E-01   4.176282406900000E-01   4.997332461400000E-01   4.401251038900000E-01   1.751961154200000E+01   1.165263279100000E+04
   9.709333572100000E+00   7.774403171499999E-01   4.178131774000000E-01   4.997330710100000E-01   4.406612968400000E-01   1.751001965500000E+01   1.165263279100000E+04
   9.711797977200000E+00   7.780535859600000E-01   4.179980072500000E-01   4.997328793600000E-01   4.411809794400000E-01   1.750042340400000E+01   1.165263279100000E+04
   9.714253283500000E+00   7.786618916800000E-01   4.181827430800000E-01   4.997327004400000E-01   4.416859665700000E-01   1.749082282200000E+01   1.165263279100000E+04
   9.716699447100000E+00   7.792652403500000E-01   4.183673762300000E-01   4.997325196100000E-01   4.422047310700000E-01   1.748121794000000E+01   1.165263279100000E+04
   9.719136424100000E+00   7.798636392700000E-01   4.185519526100000E-01   4.997324335300000E-01   4.427301963100000E-01   1.747160879000000E+01   1.165263279100000E+04
   9.721564170500001E+00   7.804570968400000E-01   4.187363759000000E-01   4.997322487600000E-01   4.432517426200000E-01   1.746199540500000E+01   1.165263279100000E+04
   9.723982642699999E+00   7.810456227000000E-01   4.189206920500000E-01   4.997320620300000E-01   4.437678600400000E-01   1.745237781800000E+01   1.165263279100000E+04
   9.726391797100000E+00   7.816292275300000E-01   4.191048527000000E-01   4.997317778800000E-01   4.442782964000000E-01   1.744275606100000E+01   1.165263279100000E+04
   9.728791590500000E+00   7.822079232600000E-01   4.192889501000000E-01   4.997315872900000E-01   4.447840066000000E-01   1.743313016400000E+01   1.165263279100000E+04
   9.731181979700001E+00   7.827817227500000E-01   4.194729359000000E-01   4.997313947100000E-01   4.452843889600000E-01   1.742350016100000E+01   1.165263279100000E+04
   9.733562921600001E+00   7.833506399200000E-01   4.196568115900000E-01   4.997312062100000E-01   4.457823592700000E-01   1.741386608200000E+01   1.165263279100000E+04
   9.735934373199999E+00   7.839146897500000E-01   4.198405697400000E-01   4.997310096300000E-01   4.462830650400000E-01   1.740422796000000E+01   1.165263279100000E+04
   9.738296291899999E+00   7.844738881300000E-01   4.200242118600000E-01   4.997308110200000E-01   4.467784222600000E-01   1.739458582600000E+01   1.165263279100000E+04
   9.740648634999999E+00   7.850282519600000E-01   4.202077326400000E-01   4.997306025900000E-01   4.472546072300000E-01   1.738493971200000E+01   1.165263279100000E+04
   9.742991360300000E+00   7.855777989800000E-01   4.203911382800000E-01   4.997303999100000E-01   4.477533429900000E-01   1.737528964900000E+01   1.165263279100000E+04
   9.745324425400000E+00   7.861225478900000E-01   4.205744234900000E-01   4.997301951800000E-01   4.482466751000000E-01   1.736563566800000E+01   1.165263279100000E+04
   9.747647788500000E+00   7.866625180500000E-01   4.207577268500000E-01   4.997302730700000E-01   4.487316430300000E-01   1.735597780000000E+01   1.165263279100000E+04
   9.749961407500001E+00   7.871977301500001E-01   4.209407667600000E-01   4.997300639900000E-01   4.492089152900000E-01   1.734631607500000E+01   1.165263279100000E+04
   9.752265240800000E+00   7.877282051400000E-01   4.211236818700000E-01   4.997298528300000E-01   4.496809688400000E-01   1.733665052600000E+01   1.165263279100000E+04
   9.754559250300000E+00   7.882539659200000E-01   4.213089996200000E-01   4.997347760400000E-01   4.501746619100000E-01   1.732698116600000E+01   1.165263279100000E+04
   9.756843388100000E+00   7.887750332300000E-01   4.214916596700000E-01   4.997345569600000E-01   4.506516357400000E-01   1.731730805600000E+01   1.165263279100000E+04
   9.759117616299999E+00   7.892914314100000E-01   4.216741906100000E-01   4.997343357700000E-01   4.511233205200000E-01   1.730763121100000E+01   1.165263279100000E+04
   9.761381894700000E+00   7.898031846600000E-01   4.218539416400000E-01   4.997287350600000E-01   4.515636080700000E-01   1.729795065900000E+01   1.165263279100000E+04
   9.763636181400001E+00   7.903103174300000E-01   4.220362111900000E-01   4.997285134200000E-01   4.520432312100000E-01   1.728826643300000E+01   1.165263279100000E+04
   9.765880436500000E+00   7.908128552100000E-01   4.222183473300000E-01   4.997282896100000E-01   4.525174582000000E-01   1.727857856200000E+01   1.165263279100000E+04
   9.768114619600000E+00   7.913108239500000E-01   4.224003327900000E-01   4.997280314800000E-01   4.529644218700000E-01   1.726888707300000E+01   1.165263279100000E+04
   9.770338690699999E+00   7.918042502100000E-01   4.225821978600000E-01   4.997278033100000E-01   4.534350578400000E-01   1.725919199700000E+01   1.165263279100000E+04
   9.772552609900000E+00   7.922931610600000E-01   4.227639252900000E-01   4.997275729400000E-01   4.539003390800000E-01   1.724949336200000E+01   1.165263279100000E+04
   9.774756337500000E+00   7.927775841300000E-01   4.229455182700000E-01   4.997273497000000E-01   4.543536853600000E-01   1.723979119500000E+01   1.165263279100000E+04
   9.776949834000000E+00   7.932575475300000E-01   4.231269661800000E-01   4.997271148600000E-01   4.548115852500000E-01   1.723008552700000E+01   1.165263279100000E+04
   9.779133059999999E+00   7.937330798600000E-01   4.233082722500000E-01   4.997268777800000E-01   4.552642242900000E-01   1.722037638400000E+01   1.165263279100000E+04
   9.781305976700001E+00   7.942042101900000E-01   4.234894504200000E-01   4.997266695000000E-01   4.557109670500000E-01   1.721066379500000E+01   1.165263279100000E+04
   9.783468544900000E+00   7.946709679700000E-01   4.236704686200000E-01   4.997264278600000E-01   4.561519770700000E-01   1.720094778700000E+01   1.165263279100000E+04
   9.785620725999999E+00   7.951333831100000E-01   4.238513408200000E-01   4.997261839200000E-01   4.565878799900000E-01   1.719122838700000E+01   1.165263279100000E+04
   9.787762481800000E+00   7.955914859100000E-01   4.240320933900000E-01   4.997259937800000E-01   4.570358371300000E-01   1.718150562300000E+01   1.165263279100000E+04
   9.789893773699999E+00   7.960453069600000E-01   4.242126694600000E-01   4.997257451800000E-01   4.574722847300000E-01   1.717177952200000E+01   1.165263279100000E+04
   9.792014563800000E+00   7.964948772700000E-01   4.243930954300000E-01   4.997254942500000E-01   4.579036202200000E-01   1.716205011000000E+01   1.165263279100000E+04
   9.794124814400000E+00   7.969402281300000E-01   4.245733282100000E-01   4.997251565800000E-01   4.583361492800000E-01   1.715231741400000E+01   1.165263279100000E+04
   9.796224487700000E+00   7.973813911300000E-01   4.247534499300000E-01   4.997249009800000E-01   4.587641242300000E-01   1.714258146000000E+01   1.165263279100000E+04
   9.798313546299999E+00   7.978183981400000E-01   4.249334174900000E-01   4.997246430100000E-01   4.591870369700000E-01   1.713284227400000E+01   1.165263279100000E+04
   9.800391953100000E+00   7.982512811900000E-01   4.251134734800000E-01   4.997248754300000E-01   4.596112472600000E-01   1.712309988200000E+01   1.165263279100000E+04
   9.802459671099999E+00   7.986800728700000E-01   4.252931286100000E-01   4.997246123400000E-01   4.600280273100000E-01   1.711335430900000E+01   1.165263279100000E+04
   9.804516663499999E+00   7.991048056500000E-01   4.254726255500000E-01   4.997243468200000E-01   4.604398356300000E-01   1.710360558100000E+01   1.165263279100000E+04
   9.806562893700001E+00   7.995255123600000E-01   4.256530276000000E-01   4.997262278500000E-01   4.608583888000000E-01   1.709385372300000E+01   1.165263279100000E+04
   9.808598325400000E+00   7.999422259000000E-01   4.258322038000000E-01   4.997259560400000E-01   4.612725699100000E-01   1.708409875900000E+01   1.165263279100000E+04
   9.810622922500000E+00   8.003549794200000E-01   4.260112178600000E-01   4.997256817600000E-01   4.616817543400000E-01   1.707434071500000E+01   1.165263279100000E+04
   9.812636646700000E+00   8.007638057899999E-01   4.261895905400000E-01   4.997244414300000E-01   4.620790251400000E-01   1.706457962600000E+01   1.165263279100000E+04
   9.814639467099999E+00   8.011687392900000E-01   4.263682765600000E-01   4.997241627500000E-01   4.624865331400000E-01   1.705481549300000E+01   1.165263279100000E+04
   9.816631345599999E+00   8.015698130000000E-01   4.265467965200000E-01   4.997238815600000E-01   4.628890779500000E-01   1.704504835300000E+01   1.165263279100000E+04
   9.818612247200001E+00   8.019670605600000E-01   4.267243152800000E-01   4.997219171000000E-01   4.632858678500000E-01   1.703527822900000E+01   1.165263279100000E+04
   9.820582136600001E+00   8.023605156600000E-01   4.269024995700000E-01   4.997216319500000E-01   4.636808277400000E-01   1.702550514400000E+01   1.165263279100000E+04
   9.822540979099999E+00   8.027502120700000E-01   4.270805139300000E-01   4.997213442200000E-01   4.640709438900000E-01   1.701572912300000E+01   1.165263279100000E+04
   9.824488740000000E+00   8.031361836299999E-01   4.272583570900000E-01   4.997210539900000E-01   4.644603168000000E-01   1.700595018700000E+01   1.165263279100000E+04
   9.826425384900000E+00   8.035184642099999E-01   4.274360277000000E-01   4.997207610800000E-01   4.648453086900000E-01   1.699616836100000E+01   1.165263279100000E+04
   9.828350879500000E+00   8.038970877000000E-01   4.276135245300000E-01   4.997204655400000E-01   4.652255434300000E-01   1.698638366700000E+01   1.165263279100000E+04
   9.830265190000000E+00   8.042720879400000E-01   4.277910966200000E-01   4.997206711700000E-01   4.656080062300000E-01   1.697659612700000E+01   1.165263279100000E+04
   9.832168282500000E+00   8.046434989700000E-01   4.279682419800000E-01   4.997203700400000E-01   4.659838571700000E-01   1.696680576500000E+01   1.165263279100000E+04
   9.834060123400000E+00   8.050113546000000E-01   4.281452097500000E-01   4.997200662300000E-01   4.663550288800000E-01   1.695701260300000E+01   1.165263279100000E+04
   9.835940679900000E+00   8.053756888800000E-01   4.283318898100000E-01   4.997396539400000E-01   4.667249100200000E-01   1.694721665900000E+01   1.165263279100000E+04
   9.837809920400000E+00   8.057365357900000E-01   4.285084949300000E-01   4.997393322200000E-01   4.670881102000000E-01   1.693741794800000E+01   1.165263279100000E+04
   9.839667807400000E+00   8.060939282700000E-01   4.286849184500000E-01   4.997390078000000E-01   4.674533557500000E-01   1.692761651600000E+01   1.165263279100000E+04
   9.841514303000000E+00   8.064478990300000E-01   4.288521102200000E-01   4.997204923800000E-01   4.678096476900000E-01   1.691781239900000E+01   1.165263279100000E+04
   9.843349391500000E+00   8.067984850000000E-01   4.290281709800000E-01   4.997201738000000E-01   4.681749605700000E-01   1.690800555600000E+01   1.165263279100000E+04
   9.845173030300000E+00   8.071457177600000E-01   4.292040465400000E-01   4.997198524500000E-01   4.685356442600000E-01   1.689819604900000E+01   1.165263279100000E+04
   9.846985190400000E+00   8.074896313300000E-01   4.293786644700000E-01   4.997173776400000E-01   4.688782734200000E-01   1.688838389400000E+01   1.165263279100000E+04
   9.848785836399999E+00   8.078302584600000E-01   4.295541666300000E-01   4.997170521000000E-01   4.692345831700000E-01   1.687856911100000E+01   1.165263279100000E+04
   9.850574938599999E+00   8.081676327600000E-01   4.297294800100000E-01   4.997167237300000E-01   4.695863476300000E-01   1.686875172000000E+01   1.165263279100000E+04
   9.852352466199999E+00   8.085017875100000E-01   4.299046187700000E-01   4.997164232000000E-01   4.699351518000000E-01   1.685893174300000E+01   1.165263279100000E+04
   9.854118386600000E+00   8.088327554600000E-01   4.300795509100000E-01   4.997160890700000E-01   4.702761341100000E-01   1.684910920000000E+01   1.165263279100000E+04
   9.855872669500000E+00   8.091605696500000E-01   4.302542906100000E-01   4.997157520400000E-01   4.706127527900000E-01   1.683928411200000E+01   1.165263279100000E+04
   9.857615284300000E+00   8.094852628500000E-01   4.304288137500000E-01   4.997153661900000E-01   4.709497913500000E-01   1.682945649800000E+01   1.165263279100000E+04
   9.859346200399999E+00   8.098068676500000E-01   4.306031649200000E-01   4.997150233400000E-01   4.712801997500000E-01   1.681962638000000E+01   1.165263279100000E+04
   9.861065387500000E+00   8.101254165200000E-01   4.307773200000000E-01   4.997146775300000E-01   4.716063583400000E-01   1.680979377700000E+01   1.165263279100000E+04
   9.862772815600000E+00   8.104409417600000E-01   4.309512787400000E-01   4.997143306100000E-01   4.719337969900000E-01   1.679995870900000E+01   1.165263279100000E+04
   9.864468454800001E+00   8.107534754600000E-01   4.311250380400000E-01   4.997139788200000E-01   4.722606232400000E-01   1.679012119700000E+01   1.165263279100000E+04
   9.866152275499999E+00   8.110630495900000E-01   4.312985976400000E-01   4.997136240200000E-01   4.725832095700000E-01   1.678028125900000E+01   1.165263279100000E+04
   9.867824248200000E+00   8.113696959000000E-01   4.314720117400000E-01   4.997133771400000E-01   4.729010142000000E-01   1.677043891500000E+01   1.165263279100000E+04
   9.869484343900000E+00   8.116734460100000E-01   4.316451683500000E-01   4.997130161700000E-01   4.732140753200000E-01   1.676059418600000E+01   1.165263279100000E+04
   9.871132533500001E+00   8.119743312800000E-01   4.318181216800000E-01   4.997126521200000E-01   4.735230646400000E-01   1.675074709000000E+01   1.165263279100000E+04
   9.872768788800000E+00   8.122723831600001E-01   4.319984696400000E-01   4.997274992500000E-01   4.738371953700000E-01   1.674089764500000E+01   1.165263279100000E+04
   9.874393083199999E+00   8.125676326700000E-01   4.321710101200000E-01   4.997271198100000E-01   4.741428853000000E-01   1.673104585700000E+01   1.165263279100000E+04
   9.876005383300001E+00   8.128601098100000E-01   4.323433434700000E-01   4.997267372400000E-01   4.744445753500000E-01   1.672119177800000E+01   1.165263279100000E+04
   9.877605670399999E+00   8.131498466100000E-01   4.325078854100000E-01   4.997111764700000E-01   4.747414636500000E-01   1.671133536700000E+01   1.165263279100000E+04
   9.879193905999999E+00   8.134368719400000E-01   4.326798048200000E-01   4.997107966600000E-01   4.750385846500000E-01   1.670147671300000E+01   1.165263279100000E+04
   9.880770064300000E+00   8.137212160400000E-01   4.328515135800000E-01   4.997104136400000E-01   4.753354720800000E-01   1.669161582200000E+01   1.165263279100000E+04
   9.882334120499999E+00   8.140029093100000E-01   4.330230495200000E-01   4.997101047800000E-01   4.756242360100000E-01   1.668175269800000E+01   1.165263279100000E+04
   9.883886047300001E+00   8.142819813800000E-01   4.331943339900000E-01   4.997097152200000E-01   4.759121144300000E-01   1.667188736000000E+01   1.165263279100000E+04
   9.885425817900000E+00   8.145584617500000E-01   4.333654045700000E-01   4.997093223700000E-01   4.762003267800000E-01   1.666201982700000E+01   1.165263279100000E+04
   9.886953405700000E+00   8.148323796600000E-01   4.335361742900000E-01   4.997087547500000E-01   4.764856820500000E-01   1.665215011800000E+01   1.165263279100000E+04
   9.888468784400001E+00   8.151037641000000E-01   4.337068136100000E-01   4.997083553700000E-01   4.767647334500000E-01   1.664227825100000E+01   1.165263279100000E+04
   9.889971927800000E+00   8.153726438500000E-01   4.338772355400000E-01   4.997079526300000E-01   4.770400868000000E-01   1.663240424500000E+01   1.165263279100000E+04
   9.891462810000000E+00   8.156390474200000E-01   4.340474255700000E-01   4.997075198700000E-01   4.773163108100000E-01   1.662252811800000E+01   1.165263279100000E+04
   9.892941405300000E+00   8.159030031000000E-01   4.342174092300000E-01   4.997071103600000E-01   4.775870247900000E-01   1.661264988900000E+01   1.165263279100000E+04
   9.894407688499999E+00   8.161645389400000E-01   4.343871720200000E-01   4.997066974300000E-01   4.778541370100000E-01   1.660276957600000E+01   1.165263279100000E+04
   9.895861634199999E+00   8.164236827300000E-01   4.345567113600000E-01   4.997062782100000E-01   4.781197602900000E-01   1.659288719800000E+01   1.165263279100000E+04
   9.897303217699999E+00   8.166804620100000E-01   4.347260289400000E-01   4.997058583500000E-01   4.783833980800000E-01   1.658300277300000E+01   1.165263279100000E+04
   9.898732414199999E+00   8.169349040800000E-01   4.348951221700000E-01   4.997054349800000E-01   4.786435122800000E-01   1.657311632000000E+01   1.165263279100000E+04
   9.900149199399999E+00   8.171870360000000E-01   4.350642614100000E-01   4.997055497500000E-01   4.789003769100000E-01   1.656322785600000E+01   1.165263279100000E+04
   9.901553549100001E+00   8.174368845700000E-01   4.352329024100000E-01   4.997051189900000E-01   4.791545861300000E-01   1.655333740000000E+01   1.165263279100000E+04
   9.902945439400000E+00   8.176844763400000E-01   4.354013156300000E-01   4.997046846500000E-01   4.794053895500000E-01   1.654344497000000E+01   1.165263279100000E+04
   9.904324846600000E+00   8.179298377599999E-01   4.355736756200000E-01   4.997125734400000E-01   4.796540744000000E-01   1.653355058500000E+01   1.165263279100000E+04
   9.905691747600001E+00   8.181729945500000E-01   4.357416280500000E-01   4.997121268400000E-01   4.798988326600000E-01   1.652365426200000E+01   1.165263279100000E+04
   9.907046119000000E+00   8.184139726500000E-01   4.359093492600000E-01   4.997116765700000E-01   4.801423820900000E-01   1.651375602000000E+01   1.165263279100000E+04
   9.908387938200001E+00   8.186527974000000E-01   4.360734348100000E-01   4.997044398300000E-01   4.803838819700000E-01   1.650385587700000E+01   1.165263279100000E+04
   9.909717182500000E+00   8.188894944800000E-01   4.362406915600000E-01   4.997039861900000E-01   4.806209703300000E-01   1.649395385100000E+01   1.165263279100000E+04
   9.911033829599999E+00   8.191240887000000E-01   4.364077136800000E-01   4.997035288100000E-01   4.808548664800000E-01   1.648404995900000E+01   1.165263279100000E+04
   9.912337857500001E+00   8.193566048299999E-01   4.365734633800000E-01   4.997010026800000E-01   4.810866164200000E-01   1.647414422100000E+01   1.165263279100000E+04
   9.913629244399999E+00   8.195870673900000E-01   4.367400132800000E-01   4.997005390400000E-01   4.813174106500000E-01   1.646423665500000E+01   1.165263279100000E+04
   9.914907968800000E+00   8.198155006100000E-01   4.369063251300000E-01   4.997000715700000E-01   4.815450852900000E-01   1.645432727700000E+01   1.165263279100000E+04
   9.916174009600001E+00   8.200419285100000E-01   4.370723979800000E-01   4.996996006100000E-01   4.817695154600000E-01   1.644441610700000E+01   1.165263279100000E+04
   9.917427345800000E+00   8.202663748200000E-01   4.372382303400000E-01   4.996991254000000E-01   4.819906228300000E-01   1.643450316300000E+01   1.165263279100000E+04
   9.918667956700000E+00   8.204888630400000E-01   4.374038212500000E-01   4.996986462900000E-01   4.822095285400000E-01   1.642458846200000E+01   1.165263279100000E+04
   9.919895822100001E+00   8.207094164199999E-01   4.375696639600000E-01   4.996991470000000E-01   4.824269068400000E-01   1.641467202300000E+01   1.165263279100000E+04
   9.921110921800000E+00   8.209280579000000E-01   4.377347684100000E-01   4.996986594100000E-01   4.826406940200000E-01   1.640475386400000E+01   1.165263279100000E+04
   9.922313236100001E+00   8.211448102200000E-01   4.378996280300000E-01   4.996981678200000E-01   4.828515838600000E-01   1.639483400200000E+01   1.165263279100000E+04
   9.923502745500000E+00   8.213596964700000E-01   4.380697309900000E-01   4.997085905900000E-01   4.830603738600000E-01   1.638491245600000E+01   1.165263279100000E+04
   9.924679431500000E+00   8.215727377900000E-01   4.382340953300000E-01   4.997080844900000E-01   4.832671541800000E-01   1.637498923800000E+01   1.165263279100000E+04
   9.925843273700000E+00   8.217839564900000E-01   4.383982113600000E-01   4.997075743000000E-01   4.834711259600000E-01   1.636506437800000E+01   1.165263279100000E+04
   9.926994254000000E+00   8.219933743900000E-01   4.385717963900000E-01   4.997263810500000E-01   4.836715091600000E-01   1.635513788800000E+01   1.165263279100000E+04
   9.928132355700001E+00   8.222010131900001E-01   4.387354084200000E-01   4.997258509200000E-01   4.838709692200000E-01   1.634520977900000E+01   1.165263279100000E+04
   9.929257558600000E+00   8.224068937300000E-01   4.388987687300000E-01   4.997253166100000E-01   4.840677162400000E-01   1.633528008400000E+01   1.165263279100000E+04
   9.930369847900000E+00   8.226110368700000E-01   4.390589072400000E-01   4.997188773700000E-01   4.842609088500000E-01   1.632534881400000E+01   1.165263279100000E+04
   9.931469202600001E+00   8.228134640200000E-01   4.392217623800000E-01   4.997183380400000E-01   4.844530869200000E-01   1.631541598400000E+01   1.165263279100000E+04
   9.932555607099999E+00   8.230141952100000E-01   4.393843625400000E-01   4.997177944300000E-01   4.846426483400000E-01   1.630548161700000E+01   1.165263279100000E+04
   9.933629046400000E+00   8.232132510500000E-01   4.395470344800000E-01   4.997178972600000E-01   4.848283184800000E-01   1.629554572900000E+01   1.165263279100000E+04
   9.934689500999999E+00   8.234106509600000E-01   4.397091211100000E-01   4.997173442400000E-01   4.850121086200000E-01   1.628560833900000E+01   1.165263279100000E+04
   9.935736956500000E+00   8.236064149900000E-01   4.398709494700000E-01   4.997167868300000E-01   4.851948814200000E-01   1.627566946400000E+01   1.165263279100000E+04
   9.936771393900001E+00   8.238005620700000E-01   4.400209807300000E-01   4.996933186600000E-01   4.853747387800000E-01   1.626572912200000E+01   1.165263279100000E+04
   9.937792804000001E+00   8.239931126600000E-01   4.401822946800000E-01   4.996927665000000E-01   4.855530132600000E-01   1.625578733200000E+01   1.165263279100000E+04
   9.938801168600000E+00   8.241840852200000E-01   4.403433470500000E-01   4.996922098600000E-01   4.857288566900000E-01   1.624584411200000E+01   1.165263279100000E+04
   9.939796473099999E+00   8.243734985700000E-01   4.405026804900000E-01   4.996887586500000E-01   4.859022153100000E-01   1.623589948100000E+01   1.165263279100000E+04
   9.940778702699999E+00   8.245613712700000E-01   4.406632070900000E-01   4.996881947500000E-01   4.860728016300000E-01   1.622595345600000E+01   1.165263279100000E+04
   9.941747843600000E+00   8.247477216600000E-01   4.408234687900000E-01   4.996876262600000E-01   4.862410638200000E-01   1.621600605700000E+01   1.165263279100000E+04
   9.942703882000000E+00   8.249325678800000E-01   4.409834645700000E-01   4.996870532900000E-01   4.864086216700000E-01   1.620605730000000E+01   1.165263279100000E+04
   9.943646804500000E+00   8.251159277900000E-01   4.411431931500000E-01   4.996864755200000E-01   4.865732851900000E-01   1.619610720500000E+01   1.165263279100000E+04
   9.944576597899999E+00   8.252978190600000E-01   4.413026535300000E-01   4.996858930500000E-01   4.867357031100000E-01   1.618615579000000E+01   1.165263279100000E+04
   9.945493249700000E+00   8.254782591900000E-01   4.414624662500000E-01   4.996865385300000E-01   4.868958553600000E-01   1.617620307300000E+01   1.165263279100000E+04
   9.946396747400000E+00   8.256572652700001E-01   4.416213866400000E-01   4.996859458600000E-01   4.870538308000000E-01   1.616624907300000E+01   1.165263279100000E+04
   9.947287079200001E+00   8.258348543300000E-01   4.417800355200000E-01   4.996853483700000E-01   4.872101171900000E-01   1.615629380900000E+01   1.165263279100000E+04
   9.948164229500000E+00   8.260110435200000E-01   4.419698667900000E-01   4.997470975200000E-01   4.873524575000000E-01   1.614633729700000E+01   1.165263279100000E+04
   9.949028196300000E+00   8.261858489500000E-01   4.421279538500000E-01   4.997464511200000E-01   4.875064727500000E-01   1.613637954100000E+01   1.165263279100000E+04
   9.949878961800000E+00   8.263592867300000E-01   4.422857658000000E-01   4.997457997700000E-01   4.876583820100000E-01   1.612642059300000E+01   1.165263279100000E+04
   9.950716518700000E+00   8.265313724700000E-01   4.424113799100000E-01   4.996818911600000E-01   4.878238420000000E-01   1.611646045200000E+01   1.165263279100000E+04
   9.951540854499999E+00   8.267021238500000E-01   4.425686552000000E-01   4.996812696200000E-01   4.879704342000000E-01   1.610649913000000E+01   1.165263279100000E+04
   9.952351959300000E+00   8.268715554300000E-01   4.427256522500000E-01   4.996806430400000E-01   4.881150272100000E-01   1.609653666400000E+01   1.165263279100000E+04
   9.953149825700001E+00   8.270396830100000E-01   4.428822701900000E-01   4.996798129400000E-01   4.882470469100000E-01   1.608657306300000E+01   1.165263279100000E+04
   9.953934442500000E+00   8.272065215400000E-01   4.430387078800000E-01   4.996791763000000E-01   4.883874676400000E-01   1.607660834400000E+01   1.165263279100000E+04
   9.954705802099999E+00   8.273720862600000E-01   4.431948642300000E-01   4.996785344900000E-01   4.885262928800000E-01   1.606664252800000E+01   1.165263279100000E+04
   9.955463897300000E+00   8.275363922100000E-01   4.433508947800000E-01   4.996781973200000E-01   4.886633454200000E-01   1.605667563200000E+01   1.165263279100000E+04
   9.956208718599999E+00   8.276994537000000E-01   4.435064851200000E-01   4.996775448900000E-01   4.887982937400000E-01   1.604670767500000E+01   1.165263279100000E+04
   9.956940259400000E+00   8.278612853600000E-01   4.436617908600000E-01   4.996768871800000E-01   4.889314055600000E-01   1.603673867500000E+01   1.165263279100000E+04
   9.957658512600000E+00   8.280219014800000E-01   4.438175937200000E-01   4.996777736000000E-01   4.890627591800000E-01   1.602676865200000E+01   1.165263279100000E+04
   9.958363471900000E+00   8.281813160900000E-01   4.439723266200000E-01   4.996771042300000E-01   4.891924067400000E-01   1.601679762400000E+01   1.165263279100000E+04
   9.959055130899999E+00   8.283395430700000E-01   4.441267716800000E-01   4.996764294400000E-01   4.893204501500000E-01   1.600682560900000E+01   1.165263279100000E+04
   9.959733483999999E+00   8.284965960900000E-01   4.442806357300000E-01   4.996751712400000E-01   4.894467864700000E-01   1.599685262700000E+01   1.165263279100000E+04
   9.960398525600000E+00   8.286524886500000E-01   4.444345020000000E-01   4.996744858300000E-01   4.895713500700000E-01   1.598687869600000E+01   1.165263279100000E+04
   9.961050251000000E+00   8.288072340400000E-01   4.445880772000000E-01   4.996737948800000E-01   4.896942214500000E-01   1.597690383400000E+01   1.165263279100000E+04
   9.961688655500000E+00   8.289608453200000E-01   4.447407184600000E-01   4.996718288700000E-01   4.898155449000000E-01   1.596692806100000E+01   1.165263279100000E+04
   9.962313735300000E+00   8.291133354600000E-01   4.448937086300000E-01   4.996711275100000E-01   4.899352010400000E-01   1.595695139500000E+01   1.165263279100000E+04
   9.962925486500000E+00   8.292647171600001E-01   4.450464045100000E-01   4.996704204600000E-01   4.900532333700000E-01   1.594697385500000E+01   1.165263279100000E+04
   9.963523906200001E+00   8.294150029800000E-01   4.451988089500000E-01   4.996697154300000E-01   4.901694192000000E-01   1.593699545900000E+01   1.165263279100000E+04
   9.964108991300000E+00   8.295642052400000E-01   4.453509130300000E-01   4.996689968900000E-01   4.902844088000000E-01   1.592701622700000E+01   1.165263279100000E+04
   9.964680739700000E+00   8.297123361299999E-01   4.455027196100000E-01   4.996682725200000E-01   4.903978395900000E-01   1.591703617700000E+01   1.165263279100000E+04
   9.965239149500000E+00   8.298594076400000E-01   4.456542171400000E-01   4.996675215500000E-01   4.905095260000000E-01   1.590705532800000E+01   1.165263279100000E+04
   9.965784219200000E+00   8.300054316000000E-01   4.458054255200000E-01   4.996667854200000E-01   4.906197741800000E-01   1.589707369800000E+01   1.165263279100000E+04
   9.966315947900000E+00   8.301504196200000E-01   4.459563332100000E-01   4.996660433300000E-01   4.907287160700000E-01   1.588709130700000E+01   1.165263279100000E+04
   9.966834335100000E+00   8.302943831600000E-01   4.461069642000000E-01   4.996653447500000E-01   4.908362839100000E-01   1.587710817200000E+01   1.165263279100000E+04
   9.967339380800000E+00   8.304373335000000E-01   4.462572673000000E-01   4.996645905600000E-01   4.909422988300000E-01   1.586712431400000E+01   1.165263279100000E+04
   9.967831085400000E+00   8.305792817300000E-01   4.464072665300000E-01   4.996638302600000E-01   4.910468807400000E-01   1.585713975000000E+01   1.165263279100000E+04
   9.968309449700000E+00   8.307202387900000E-01   4.465572995100000E-01   4.996637329900000E-01   4.911500239600000E-01   1.584715450000000E+01   1.165263279100000E+04
   9.968774475300000E+00   8.308602153700000E-01   4.467066876400000E-01   4.996629599200000E-01   4.912518150400000E-01   1.583716858200000E+01   1.165263279100000E+04
   9.969226163800000E+00   8.309992220600000E-01   4.468557687200000E-01   4.996621805900000E-01   4.913522324000000E-01   1.582718201400000E+01   1.165263279100000E+04
   9.969664517700000E+00   8.311372692400000E-01   4.470050250900000E-01   4.996623497300000E-01   4.914510907100000E-01   1.581719481500000E+01   1.165263279100000E+04
   9.970089539800000E+00   8.312743671000000E-01   4.471534886300000E-01   4.996615570700000E-01   4.915488979800000E-01   1.580720700500000E+01   1.165263279100000E+04
   9.970501233300000E+00   8.314105256700000E-01   4.473016419700000E-01   4.996607579900000E-01   4.916453872700000E-01   1.579721860200000E+01   1.165263279100000E+04
   9.970899602099999E+00   8.315457547100000E-01   4.474487000000000E-01   4.996584041500000E-01   4.917405866100000E-01   1.578722962400000E+01   1.165263279100000E+04
   9.971284650599999E+00   8.316800639700000E-01   4.475962302500000E-01   4.996575930900000E-01   4.918343861500000E-01   1.577724009100000E+01   1.165263279100000E+04
   9.971656383399999E+00   8.318134628400000E-01   4.477434471600000E-01   4.996567754500000E-01   4.919269243600000E-01   1.576725002000000E+01   1.165263279100000E+04
   9.972014806000001E+00   8.319459605800000E-01   4.478902946900000E-01   4.996558425400000E-01   4.920184131100000E-01   1.575725943000000E+01   1.165263279100000E+04
   9.972359923999999E+00   8.320775661900000E-01   4.480368818400000E-01   4.996550116600000E-01   4.921085541700000E-01   1.574726834100000E+01   1.165263279100000E+04
   9.972691744000000E+00   8.322082884999999E-01   4.481831525300000E-01   4.996541740400000E-01   4.921974851100000E-01   1.573727676900000E+01   1.165263279100000E+04
   9.973010272600000E+00   8.323381361000000E-01   4.483291126900000E-01   4.996533433900000E-01   4.922851867100000E-01   1.572728473500000E+01   1.165263279100000E+04
   9.973315517300000E+00   8.324671173100000E-01   4.484747473400000E-01   4.996524921100000E-01   4.923717435400000E-01   1.571729225600000E+01   1.165263279100000E+04
   9.973607486000001E+00   8.325952402100000E-01   4.486200624200000E-01   4.996516339200000E-01   4.924571406400000E-01   1.570729935100000E+01   1.165263279100000E+04
   9.973886187200000E+00   8.327225125600000E-01   4.487650443500000E-01   4.996507440000000E-01   4.925414580700000E-01   1.569730603800000E+01   1.165263279100000E+04
   9.974151629700000E+00   8.328489418000000E-01   4.489097172000000E-01   4.996498718200000E-01   4.926246002000000E-01   1.568731233600000E+01   1.165263279100000E+04
   9.974403823099999E+00   8.329745349900000E-01   4.490540673800000E-01   4.996489925600000E-01   4.927066305400000E-01   1.567731826300000E+01   1.165263279100000E+04
   9.974642777400000E+00   8.330992987300000E-01   4.491981015900000E-01   4.996481213800000E-01   4.927875762900000E-01   1.566732383700000E+01   1.165263279100000E+04
   9.974868503300000E+00   8.332232391200000E-01   4.493418033700000E-01   4.996472277600000E-01   4.928674373200000E-01   1.565732907700000E+01   1.165263279100000E+04
   9.975081011800000E+00   8.333463615900000E-01   4.494851794100000E-01   4.996463268800000E-01   4.929462326200000E-01   1.564733400000000E+01   1.165263279100000E+04
   9.975280314700001E+00   8.334686708300000E-01   4.496287153000000E-01   4.996463785600000E-01   4.930239133000000E-01   1.563733862500000E+01   1.165263279100000E+04
   9.975466424100000E+00   8.335901702000000E-01   4.497714365300000E-01   4.996454623700000E-01   4.931006131400000E-01   1.562734297000000E+01   1.165263279100000E+04
   9.975639353100000E+00   8.337108619300000E-01   4.499138289600000E-01   4.996445387300000E-01   4.931762916600000E-01   1.561734705300000E+01   1.165263279100000E+04
   9.975799114799999E+00   8.338307467600000E-01   4.500592870300000E-01   4.996503042200000E-01   4.932520717000000E-01   1.560735089100000E+01   1.165263279100000E+04
   9.975945723400001E+00   8.339498206300000E-01   4.502010168300000E-01   4.996493611200000E-01   4.933258122300000E-01   1.559735450100000E+01   1.165263279100000E+04
   9.976079193200000E+00   8.340680768800000E-01   4.503424147600000E-01   4.996484103600000E-01   4.933985727600000E-01   1.558735790400000E+01   1.165263279100000E+04
   9.976199539300000E+00   8.341855011900000E-01   4.504953296400000E-01   4.996708190300000E-01   4.934779871700000E-01   1.557736112100000E+01   1.165263279100000E+04
   9.976306777700000E+00   8.343020661800000E-01   4.506360533500000E-01   4.996698365300000E-01   4.935488914400000E-01   1.556736415300000E+01   1.165263279100000E+04
   9.976400924500000E+00   8.344177199600000E-01   4.507764421000000E-01   4.996688461500000E-01   4.936188552200000E-01   1.555736703400000E+01   1.165263279100000E+04
   9.976400924600000E+00   8.344177192000000E-01   4.507607698900000E-01   4.996379447500000E-01   4.936112254400000E-01   1.555736701900000E+01   1.165263279100000E+04
   9.976481996600000E+00   8.345323543499999E-01   4.509008325900000E-01   4.996369676700000E-01   4.936801262500000E-01   1.554736976700000E+01   1.165263279100000E+04
   9.976550011300001E+00   8.346457058600000E-01   4.510405586500000E-01   4.996359826100000E-01   4.937481152400000E-01   1.553737237900000E+01   1.165263279100000E+04
   9.976604987000000E+00   8.347567841600000E-01   4.511799231100000E-01   4.996349421400000E-01   4.938139446600000E-01   1.552737486200000E+01   1.165263279100000E+04
   9.976627591000000E+00   8.348095367700000E-01   4.512494909200000E-01   4.996344425700000E-01   4.938471730900000E-01   1.552237603000000E+01   1.165263279100000E+04
   9.976638636800001E+00   8.348342068300000E-01   4.512877180200000E-01   4.996341669300000E-01   4.938653552200000E-01   1.551962659500000E+01   1.165263279100000E+04
   9.976648698600000E+00   8.348517222900000E-01   4.513259272600000E-01   4.996338919500000E-01   4.938834703600000E-01   1.551687711200000E+01   1.165263279100000E+04

