   1.007886980100000E+01   8.293934917600000E-01   4.629703428300000E-01   4.956730258600000E-01   4.976393912400000E-01   1.199999940000000E+01   6.518170778200000E+05
   1.007876991200000E+01   8.293989548200000E-01   4.629747266500000E-01   4.956771021500000E-01   4.976396409500000E-01   1.200099435700000E+01   6.518170778200000E+05
   1.007862025900000E+01   8.294070657600000E-01   4.629812783000000E-01   4.956832076300000E-01   4.976400131800000E-01   1.200248681000000E+01   6.518170778200000E+05
   1.007845589000000E+01   8.294159749100000E-01   4.629857063700000E-01   4.956903237400000E-01   4.976381452500000E-01   1.200412853400000E+01   6.518170778200000E+05
   1.007820982800000E+01   8.294293176500001E-01   4.629963940000000E-01   4.957003469700000E-01   4.976387646400000E-01   1.200659117000000E+01   6.518170778200000E+05
   1.007793983900000E+01   8.294439653700000E-01   4.630080599400000E-01   4.957113388200000E-01   4.976394375000000E-01   1.200930013600000E+01   6.518170778200000E+05
   1.007753618200000E+01   8.294658799300000E-01   4.630232223700000E-01   4.957258096000000E-01   4.976413056200000E-01   1.201336371900000E+01   6.518170778200000E+05
   1.007693367400000E+01   8.294986241000000E-01   4.630488023400000E-01   4.957503664100000E-01   4.976427489000000E-01   1.201945939100000E+01   6.518170778200000E+05
   1.007603656700000E+01   8.295474563300000E-01   4.630862968500000E-01   4.957868737400000E-01   4.976448325300000E-01   1.202860356000000E+01   6.518170778200000E+05
   1.007506922700000E+01   8.296002179400001E-01   4.631132890000000E-01   4.958238687700000E-01   4.976481754700000E-01   1.203855626700000E+01   6.518170778200000E+05
   1.007411118500000E+01   8.296525847300000E-01   4.631519828900000E-01   4.958621260000000E-01   4.976501826600000E-01   1.204850987900000E+01   6.518170778200000E+05
   1.007316235100000E+01   8.297045620000000E-01   4.631895550600000E-01   4.958999369100000E-01   4.976520816800000E-01   1.205846437900000E+01   6.518170778200000E+05
   1.007222263600000E+01   8.297561548000000E-01   4.632430342300000E-01   4.959406151400000E-01   4.976505826300000E-01   1.206841974900000E+01   6.518170778200000E+05
   1.007129195400000E+01   8.298073681900000E-01   4.632782291900000E-01   4.959776880700000E-01   4.976523563400000E-01   1.207837597300000E+01   6.518170778200000E+05
   1.007037021400000E+01   8.298582066500000E-01   4.633123447700000E-01   4.960143348200000E-01   4.976540308000000E-01   1.208833303300000E+01   6.518170778200000E+05
   1.006945733200000E+01   8.299086752900000E-01   4.633291102800000E-01   4.960515514900000E-01   4.976566799300000E-01   1.209829091500000E+01   6.518170778200000E+05
   1.006855321900000E+01   8.299587786900000E-01   4.633614107300000E-01   4.960878813200000E-01   4.976579817300000E-01   1.210824960100000E+01   6.518170778200000E+05
   1.006765778900000E+01   8.300085202800001E-01   4.633927195600000E-01   4.961238028800000E-01   4.976591889500000E-01   1.211820907700000E+01   6.518170778200000E+05
   1.006677095700000E+01   8.300579063200000E-01   4.634384134300000E-01   4.961601650100000E-01   4.976594151600000E-01   1.212816932600000E+01   6.518170778200000E+05
   1.006589263700000E+01   8.301069412199999E-01   4.634673917300000E-01   4.961949634900000E-01   4.976606324900000E-01   1.213813033400000E+01   6.518170778200000E+05
   1.006502274400000E+01   8.301556291800000E-01   4.634954091600000E-01   4.962293716300000E-01   4.976617635400000E-01   1.214809208500000E+01   6.518170778200000E+05
   1.006416119500000E+01   8.302039738700000E-01   4.635178535500000E-01   4.962630135900000E-01   4.976655823300000E-01   1.215805456600000E+01   6.518170778200000E+05
   1.006330790400000E+01   8.302519795900000E-01   4.635437841100000E-01   4.962966289300000E-01   4.976664677500000E-01   1.216801776100000E+01   6.518170778200000E+05
   1.006246278800000E+01   8.302996504700000E-01   4.635687971700000E-01   4.963298703100000E-01   4.976672715300000E-01   1.217798165700000E+01   6.518170778200000E+05
   1.006162576500000E+01   8.303469900800000E-01   4.635843890200000E-01   4.963646856400000E-01   4.976594523700000E-01   1.218794624000000E+01   6.518170778200000E+05
   1.006079675200000E+01   8.303940024899999E-01   4.636084397400000E-01   4.963974921200000E-01   4.976598870200000E-01   1.219791149600000E+01   6.518170778200000E+05
   1.005997566600000E+01   8.304406909299999E-01   4.636316555600000E-01   4.964299390300000E-01   4.976604213600000E-01   1.220787741200000E+01   6.518170778200000E+05
   1.005916242600000E+01   8.304870582400000E-01   4.636614175700000E-01   4.964619349200000E-01   4.976695223100000E-01   1.221784397500000E+01   6.518170778200000E+05
   1.005835695200000E+01   8.305331086600000E-01   4.636821343600000E-01   4.964935921000000E-01   4.976699076600000E-01   1.222781117100000E+01   6.518170778200000E+05
   1.005755916200000E+01   8.305788468200000E-01   4.637020301000000E-01   4.965249043600000E-01   4.976702205700000E-01   1.223777898900000E+01   6.518170778200000E+05
   1.005676897600000E+01   8.306242759200000E-01   4.637247235400000E-01   4.965550148200000E-01   4.976681541100000E-01   1.224774741600000E+01   6.518170778200000E+05
   1.005598631500000E+01   8.306693989500000E-01   4.637437306000000E-01   4.965859221200000E-01   4.976682527900000E-01   1.225771644000000E+01   6.518170778200000E+05
   1.005521110000000E+01   8.307142205400000E-01   4.637619787000000E-01   4.966164969100000E-01   4.976682826000000E-01   1.226768604800000E+01   6.518170778200000E+05
   1.005444325100000E+01   8.307587433900000E-01   4.637788125900000E-01   4.966433546700000E-01   4.976684406100000E-01   1.227765622900000E+01   6.518170778200000E+05
   1.005368269200000E+01   8.308029693900000E-01   4.637956164100000E-01   4.966730210400000E-01   4.976683407900000E-01   1.228762697200000E+01   6.518170778200000E+05
   1.005292934300000E+01   8.308468999100000E-01   4.638116996500000E-01   4.967028252300000E-01   4.976681758400000E-01   1.229759826400000E+01   6.518170778200000E+05
   1.005218312700000E+01   8.308905406300000E-01   4.638288309900000E-01   4.967351007600000E-01   4.976687753400000E-01   1.230757009600000E+01   6.518170778200000E+05
   1.005209034800000E+01   8.308957697700000E-01   4.638306585000000E-01   4.967387449000000E-01   4.976687690200000E-01   1.230881661700000E+01   6.518170778200000E+05
   1.005195138600000E+01   8.309035228000000E-01   4.638333791300000E-01   4.967442019800000E-01   4.976687577500000E-01   1.231068641300000E+01   6.518170778200000E+05
   1.005174340800000E+01   8.309150249200000E-01   4.638362115500000E-01   4.967529914400000E-01   4.976669218700000E-01   1.231349114400000E+01   6.518170778200000E+05
   1.005143248700000E+01   8.309321787000000E-01   4.638423041000000E-01   4.967651557600000E-01   4.976667836000000E-01   1.231769832000000E+01   6.518170778200000E+05
   1.005096844500000E+01   8.309577715100001E-01   4.638512137400000E-01   4.967832997200000E-01   4.976665555300000E-01   1.232400925800000E+01   6.518170778200000E+05
   1.005027761200000E+01   8.309958662300000E-01   4.638625654300000E-01   4.968084139600000E-01   4.976646152300000E-01   1.233347605200000E+01   6.518170778200000E+05
   1.004955655200000E+01   8.310356201000000E-01   4.638755628200000E-01   4.968363178900000E-01   4.976641219400000E-01   1.234344979400000E+01   6.518170778200000E+05
   1.004884233200000E+01   8.310749787800000E-01   4.638879020700000E-01   4.968639253700000E-01   4.976635690400000E-01   1.235342403200000E+01   6.518170778200000E+05
   1.004813488400000E+01   8.311139126800000E-01   4.638997937400000E-01   4.968909604400000E-01   4.976623995700000E-01   1.236339875800000E+01   6.518170778200000E+05
   1.004743414000000E+01   8.311524464200000E-01   4.639103159900000E-01   4.969179741700000E-01   4.976617221600000E-01   1.237337396200000E+01   6.518170778200000E+05
   1.004674003500000E+01   8.311906093800000E-01   4.639201996900000E-01   4.969447024900000E-01   4.976609878200000E-01   1.238334963400000E+01   6.518170778200000E+05
   1.004605250300000E+01   8.312283677900000E-01   4.639215521500000E-01   4.969747798800000E-01   4.976673641200000E-01   1.239332576600000E+01   6.518170778200000E+05
   1.004537148000000E+01   8.312657423399999E-01   4.639312054100000E-01   4.970012412200000E-01   4.976667533900000E-01   1.240330234800000E+01   6.518170778200000E+05
   1.004469690000000E+01   8.313027581400000E-01   4.639402646200000E-01   4.970274259400000E-01   4.976660893500000E-01   1.241327937200000E+01   6.518170778200000E+05
   1.004402870100000E+01   8.313393972100001E-01   4.639456382200000E-01   4.970512832900000E-01   4.976617566800000E-01   1.242325682900000E+01   6.518170778200000E+05
   1.004336681900000E+01   8.313756583700000E-01   4.639521152600000E-01   4.970771716100000E-01   4.976610836500000E-01   1.243323471100000E+01   6.518170778200000E+05
   1.004271119300000E+01   8.314115510000000E-01   4.639580017400000E-01   4.971027917200000E-01   4.976603599800000E-01   1.244321301000000E+01   6.518170778200000E+05
   1.004206176100000E+01   8.314470827200000E-01   4.639643077400000E-01   4.971227848200000E-01   4.976587790600000E-01   1.245319171800000E+01   6.518170778200000E+05
   1.004141846200000E+01   8.314822590299999E-01   4.639690707800000E-01   4.971473149100000E-01   4.976579692800000E-01   1.246317082700000E+01   6.518170778200000E+05
   1.004078123600000E+01   8.315170834700000E-01   4.639732675700000E-01   4.971715896100000E-01   4.976571108700000E-01   1.247315032800000E+01   6.518170778200000E+05
   1.004015002400000E+01   8.315515590900000E-01   4.639925830900000E-01   4.972036830000000E-01   4.976581232600000E-01   1.248313021600000E+01   6.518170778200000E+05
   1.003952476500000E+01   8.315856901100001E-01   4.639967059000000E-01   4.972278966200000E-01   4.976569398500000E-01   1.249311048200000E+01   6.518170778200000E+05
   1.003890540300000E+01   8.316194802500000E-01   4.640002972200000E-01   4.972518611800000E-01   4.976557085000000E-01   1.250309111800000E+01   6.518170778200000E+05
   1.003829187900000E+01   8.316529084900000E-01   4.640023952300000E-01   4.972755130400000E-01   4.976559052700000E-01   1.251307211900000E+01   6.518170778200000E+05
   1.003768413600000E+01   8.316860220900000E-01   4.640052222000000E-01   4.972990178000000E-01   4.976546245900000E-01   1.252305347700000E+01   6.518170778200000E+05
   1.003708211700000E+01   8.317188273000000E-01   4.640075408800000E-01   4.973222819000000E-01   4.976532977500000E-01   1.253303518400000E+01   6.518170778200000E+05
   1.003648576800000E+01   8.317512948900000E-01   4.640097321300000E-01   4.973445994400000E-01   4.976489827900000E-01   1.254301723500000E+01   6.518170778200000E+05
   1.003589503100000E+01   8.317834334999999E-01   4.640109163000000E-01   4.973675039500000E-01   4.976474920100000E-01   1.255299962300000E+01   6.518170778200000E+05
   1.003530985300000E+01   8.318152713600000E-01   4.640116090800000E-01   4.973901752600000E-01   4.976459562600000E-01   1.256298234000000E+01   6.518170778200000E+05
   1.003473017900000E+01   8.318467933700000E-01   4.639900780500000E-01   4.974129876000000E-01   4.976480883700000E-01   1.257296538200000E+01   6.518170778200000E+05
   1.003415595600000E+01   8.318779954100000E-01   4.639886314100000E-01   4.974351180900000E-01   4.976466741700000E-01   1.258294874200000E+01   6.518170778200000E+05
   1.003358713000000E+01   8.319088863300000E-01   4.639866992300000E-01   4.974570238400000E-01   4.976452170800000E-01   1.259293241300000E+01   6.518170778200000E+05
   1.003302364800000E+01   8.319394739900000E-01   4.639969202400000E-01   4.974784722500000E-01   4.976396568100000E-01   1.260291639100000E+01   6.518170778200000E+05
   1.003246546000000E+01   8.319697606799999E-01   4.639944407700000E-01   4.974998804500000E-01   4.976382093000000E-01   1.261290066800000E+01   6.518170778200000E+05
   1.003191251300000E+01   8.319997505700000E-01   4.639914958000000E-01   4.975210718300000E-01   4.976367204400000E-01   1.262288523900000E+01   6.518170778200000E+05
   1.003136475700000E+01   8.320294461600000E-01   4.639870705300000E-01   4.975413681400000E-01   4.976347779400000E-01   1.263287010000000E+01   6.518170778200000E+05
   1.003082214000000E+01   8.320588506800000E-01   4.639831747000000E-01   4.975623940400000E-01   4.976332136400000E-01   1.264285524300000E+01   6.518170778200000E+05
   1.003028461400000E+01   8.320879672100000E-01   4.639788282800000E-01   4.975832085000000E-01   4.976316090400000E-01   1.265284066400000E+01   6.518170778200000E+05
   1.002975212800000E+01   8.321167988300000E-01   4.639732148800000E-01   4.976042939600000E-01   4.976332100800000E-01   1.266282635700000E+01   6.518170778200000E+05
   1.002922463500000E+01   8.321453491600000E-01   4.639679557800000E-01   4.976244923800000E-01   4.976314531400000E-01   1.267281231800000E+01   6.518170778200000E+05
   1.002870208400000E+01   8.321736210000000E-01   4.639622600500000E-01   4.976444877800000E-01   4.976296565000000E-01   1.268279854100000E+01   6.518170778200000E+05
   1.002818442900000E+01   8.322016171800000E-01   4.639819328900000E-01   4.976613251300000E-01   4.976280753400000E-01   1.269278502100000E+01   6.518170778200000E+05
   1.002767162200000E+01   8.322293410200000E-01   4.639769743300000E-01   4.976807761900000E-01   4.976261891700000E-01   1.270277175400000E+01   6.518170778200000E+05
   1.002716361700000E+01   8.322567954500000E-01   4.639716043100000E-01   4.977000319100000E-01   4.976242640600000E-01   1.271275873400000E+01   6.518170778200000E+05
   1.002666036600000E+01   8.322839837800000E-01   4.639646525900000E-01   4.977228230600000E-01   4.976225043900000E-01   1.272274595700000E+01   6.518170778200000E+05
   1.002616182400000E+01   8.323109079800000E-01   4.639587779900000E-01   4.977420567300000E-01   4.976204354600000E-01   1.273273341800000E+01   6.518170778200000E+05
   1.002566794600000E+01   8.323375713100000E-01   4.639525060100000E-01   4.977610988100000E-01   4.976183280700000E-01   1.274272111200000E+01   6.518170778200000E+05
   1.002517868600000E+01   8.323639769700000E-01   4.639411759400000E-01   4.977802145400000E-01   4.976143833200000E-01   1.275270903600000E+01   6.518170778200000E+05
   1.002469399900000E+01   8.323901269500000E-01   4.639345790400000E-01   4.977987744400000E-01   4.976123318200000E-01   1.276269718500000E+01   6.518170778200000E+05
   1.002421384200000E+01   8.324160243199999E-01   4.639275989400000E-01   4.978171497100000E-01   4.976102429200000E-01   1.277268555500000E+01   6.518170778200000E+05
   1.002373817100000E+01   8.324416719800000E-01   4.639233098400000E-01   4.978313942600000E-01   4.976096164600000E-01   1.278267414100000E+01   6.518170778200000E+05
   1.002326694300000E+01   8.324670725700000E-01   4.639151888600000E-01   4.978497277200000E-01   4.976073961500000E-01   1.279266294000000E+01   6.518170778200000E+05
   1.002280011500000E+01   8.324922285400000E-01   4.639066921600000E-01   4.978678800200000E-01   4.976051387900000E-01   1.280265194700000E+01   6.518170778200000E+05
   1.002233764500000E+01   8.325171421699999E-01   4.638963354500000E-01   4.978889938100000E-01   4.975983471700000E-01   1.281264115800000E+01   6.518170778200000E+05
   1.002187949000000E+01   8.325418168499999E-01   4.638867100400000E-01   4.979066299300000E-01   4.975958274600000E-01   1.282263057000000E+01   6.518170778200000E+05
   1.002142561000000E+01   8.325662546500000E-01   4.638767159400000E-01   4.979240918800000E-01   4.975932706100000E-01   1.283262017900000E+01   6.518170778200000E+05
   1.002097596200000E+01   8.325904579100000E-01   4.638581693500000E-01   4.979414109200000E-01   4.975933598300000E-01   1.284260998100000E+01   6.518170778200000E+05
   1.002053050700000E+01   8.326144295400000E-01   4.638469414100000E-01   4.979584746700000E-01   4.975907832300000E-01   1.285259997300000E+01   6.518170778200000E+05
   1.002008920500000E+01   8.326381718700000E-01   4.638353507600000E-01   4.979753701900000E-01   4.975881699900000E-01   1.286259015000000E+01   6.518170778200000E+05
   1.001965201500000E+01   8.326616865599999E-01   4.638261329300000E-01   4.979859238700000E-01   4.975867724700000E-01   1.287258050900000E+01   6.518170778200000E+05
   1.001921889700000E+01   8.326849771500000E-01   4.638139451600000E-01   4.980022239900000E-01   4.975841198500000E-01   1.288257104800000E+01   6.518170778200000E+05
   1.001878981400000E+01   8.327080454900000E-01   4.638014036900000E-01   4.980183631700000E-01   4.975814309700000E-01   1.289256176200000E+01   6.518170778200000E+05
   1.001836472600000E+01   8.327308947500000E-01   4.638024502900000E-01   4.980384448600000E-01   4.975795430000000E-01   1.290255264800000E+01   6.518170778200000E+05
   1.001794359500000E+01   8.327535256400000E-01   4.637907289100000E-01   4.980546585700000E-01   4.975769543300000E-01   1.291254370400000E+01   6.518170778200000E+05
   1.001752638300000E+01   8.327759411900000E-01   4.637786696900000E-01   4.980708499500000E-01   4.975743301500000E-01   1.292253492500000E+01   6.518170778200000E+05
   1.001711305200000E+01   8.327981436500000E-01   4.637638572900000E-01   4.980895452700000E-01   4.975690824100000E-01   1.293252630900000E+01   6.518170778200000E+05
   1.001670356700000E+01   8.328201350800000E-01   4.637504462900000E-01   4.981052331700000E-01   4.975661841700000E-01   1.294251785300000E+01   6.518170778200000E+05
   1.001629788900000E+01   8.328419178899999E-01   4.637367008400000E-01   4.981207675800000E-01   4.975632500000000E-01   1.295250955300000E+01   6.518170778200000E+05
   1.001589598200000E+01   8.328634941900001E-01   4.637241297400000E-01   4.981361440100000E-01   4.975637654100000E-01   1.296250140700000E+01   6.518170778200000E+05
   1.001549781000000E+01   8.328848660300000E-01   4.637098482000000E-01   4.981513858700000E-01   4.975608654700000E-01   1.297249341100000E+01   6.518170778200000E+05
   1.001510333900000E+01   8.329060356300000E-01   4.636952393500000E-01   4.981664789300000E-01   4.975579299800000E-01   1.298248556400000E+01   6.518170778200000E+05
   1.001471253100000E+01   8.329270047000000E-01   4.636731955500000E-01   4.981803517300000E-01   4.975545631300000E-01   1.299247786200000E+01   6.518170778200000E+05
   1.001432535400000E+01   8.329477758900000E-01   4.636597312700000E-01   4.981952968300000E-01   4.975516752700000E-01   1.300247030300000E+01   6.518170778200000E+05
   1.001394177100000E+01   8.329683507900000E-01   4.636459544300000E-01   4.982100965400000E-01   4.975487522400000E-01   1.301246288300000E+01   6.518170778200000E+05
   1.001356174800000E+01   8.329887315200000E-01   4.636394479800000E-01   4.982242386800000E-01   4.975421840600000E-01   1.302245560000000E+01   6.518170778200000E+05
   1.001318525200000E+01   8.330089204500000E-01   4.636237297200000E-01   4.982385270500000E-01   4.975389722100000E-01   1.303244845200000E+01   6.518170778200000E+05
   1.001281225000000E+01   8.330289193100000E-01   4.636076979700000E-01   4.982526763200000E-01   4.975357245600000E-01   1.304244143700000E+01   6.518170778200000E+05
   1.001244270700000E+01   8.330487285700000E-01   4.635895626900000E-01   4.982679937500000E-01   4.975365703300000E-01   1.305243455100000E+01   6.518170778200000E+05
   1.001207659100000E+01   8.330683528000000E-01   4.635727539400000E-01   4.982820755900000E-01   4.975333573300000E-01   1.306242779200000E+01   6.518170778200000E+05
   1.001171387000000E+01   8.330877926600000E-01   4.635556360700000E-01   4.982960209100000E-01   4.975301087100000E-01   1.307242115700000E+01   6.518170778200000E+05
   1.001135451100000E+01   8.331070505500000E-01   4.635263458600000E-01   4.983096919900000E-01   4.975170679800000E-01   1.308241464600000E+01   6.518170778200000E+05
   1.001099848100000E+01   8.331261272900000E-01   4.635080411200000E-01   4.983233791800000E-01   4.975140512300000E-01   1.309240825400000E+01   6.518170778200000E+05
   1.001064575100000E+01   8.331450252000000E-01   4.634894295400000E-01   4.983369339300000E-01   4.975109997000000E-01   1.310240198100000E+01   6.518170778200000E+05
   1.001029628700000E+01   8.331637451200000E-01   4.634803390500000E-01   4.983497167100000E-01   4.975176828000000E-01   1.311239582300000E+01   6.518170778200000E+05
   1.000995006000000E+01   8.331822908400000E-01   4.634615111600000E-01   4.983630600900000E-01   4.975143641900000E-01   1.312238977900000E+01   6.518170778200000E+05
   1.000960703800000E+01   8.332006631800000E-01   4.634423823100000E-01   4.983762746300000E-01   4.975110099400000E-01   1.313238384600000E+01   6.518170778200000E+05
   1.000926719200000E+01   8.332188651600000E-01   4.634353459700000E-01   4.983899083500000E-01   4.975076513800000E-01   1.314237802300000E+01   6.518170778200000E+05
   1.000893049000000E+01   8.332368958400000E-01   4.634162765700000E-01   4.984028249900000E-01   4.975042159100000E-01   1.315237230700000E+01   6.518170778200000E+05
   1.000859690400000E+01   8.332547580200000E-01   4.633969126500000E-01   4.984156170400000E-01   4.975007445100000E-01   1.316236669600000E+01   6.518170778200000E+05
   1.000826640400000E+01   8.332724541500000E-01   4.633838974000000E-01   4.984279623200000E-01   4.974933578500000E-01   1.317236118900000E+01   6.518170778200000E+05
   1.000793896000000E+01   8.332899849500000E-01   4.633651525400000E-01   4.984405579000000E-01   4.974899565200000E-01   1.318235578300000E+01   6.518170778200000E+05
   1.000761454400000E+01   8.333073526100000E-01   4.633461213300000E-01   4.984530322300000E-01   4.974865194200000E-01   1.319235047700000E+01   6.518170778200000E+05
   1.000729312600000E+01   8.333245589800000E-01   4.633239662500000E-01   4.984641645900000E-01   4.974842016800000E-01   1.320234526900000E+01   6.518170778200000E+05
   1.000697468000000E+01   8.333416051000000E-01   4.633036588600000E-01   4.984764769300000E-01   4.974804369400000E-01   1.321234015600000E+01   6.518170778200000E+05
   1.000665917500000E+01   8.333584928100000E-01   4.632830654300000E-01   4.984886710100000E-01   4.974766353000000E-01   1.322233513700000E+01   6.518170778200000E+05
   1.000634658600000E+01   8.333752236800001E-01   4.632527384200000E-01   4.985017877400000E-01   4.974739113000000E-01   1.323233021100000E+01   6.518170778200000E+05
   1.000603688400000E+01   8.333917992400000E-01   4.632336121500000E-01   4.985136532700000E-01   4.974700652100000E-01   1.324232537600000E+01   6.518170778200000E+05
   1.000573004200000E+01   8.334082211400000E-01   4.632142102900000E-01   4.985254048800000E-01   4.974661818800000E-01   1.325232062900000E+01   6.518170778200000E+05
   1.000542603200000E+01   8.334244907400000E-01   4.632031913800000E-01   4.985370014300000E-01   4.974640581300000E-01   1.326231597000000E+01   6.518170778200000E+05
   1.000512482900000E+01   8.334406097300000E-01   4.631816186600000E-01   4.985485596100000E-01   4.974602305700000E-01   1.327231139600000E+01   6.518170778200000E+05
   1.000482640600000E+01   8.334565795400000E-01   4.631597665900000E-01   4.985600070000000E-01   4.974563656900000E-01   1.328230690600000E+01   6.518170778200000E+05
   1.000453073700000E+01   8.334724014500000E-01   4.631309835200000E-01   4.985712920700000E-01   4.974525021500000E-01   1.329230249900000E+01   6.518170778200000E+05
   1.000423779500000E+01   8.334880772400000E-01   4.631081340500000E-01   4.985825370600000E-01   4.974485445300000E-01   1.330229817300000E+01   6.518170778200000E+05
   1.000394755500000E+01   8.335036082300000E-01   4.630850057900000E-01   4.985936744100000E-01   4.974445490000000E-01   1.331229392700000E+01   6.518170778200000E+05
   1.000365999100000E+01   8.335189956800000E-01   4.630734399900000E-01   4.986024364100000E-01   4.974326706500000E-01   1.332228975800000E+01   6.518170778200000E+05
   1.000337507900000E+01   8.335342413000000E-01   4.630516183000000E-01   4.986132138200000E-01   4.974283865700000E-01   1.333228566600000E+01   6.518170778200000E+05
   1.000309279300000E+01   8.335493464200000E-01   4.630295259900000E-01   4.986238880100000E-01   4.974240634300000E-01   1.334228164900000E+01   6.518170778200000E+05
   1.000281310800000E+01   8.335643118200000E-01   4.629953064300000E-01   4.986370567900000E-01   4.974275315500000E-01   1.335227770600000E+01   6.518170778200000E+05
   1.000253600100000E+01   8.335791400600000E-01   4.629735515400000E-01   4.986476289000000E-01   4.974234296100000E-01   1.336227383500000E+01   6.518170778200000E+05
   1.000226144700000E+01   8.335938318100000E-01   4.629515305000000E-01   4.986581000000000E-01   4.974192888300000E-01   1.337227003500000E+01   6.518170778200000E+05
   1.000198942200000E+01   8.336083861100000E-01   4.629229790400000E-01   4.986686598800000E-01   4.974156508800000E-01   1.338226630500000E+01   6.518170778200000E+05
   1.000171990200000E+01   8.336228087200001E-01   4.628979503900000E-01   4.986790171700000E-01   4.974113806300000E-01   1.339226264300000E+01   6.518170778200000E+05
   1.000145286300000E+01   8.336370988900000E-01   4.628726484400000E-01   4.986892757000000E-01   4.974070706700000E-01   1.340225904900000E+01   6.518170778200000E+05
   1.000118828300000E+01   8.336512556700000E-01   4.628671993700000E-01   4.986964281800000E-01   4.974017132500000E-01   1.341225552000000E+01   6.518170778200000E+05
   1.000092613800000E+01   8.336652847100000E-01   4.628428278200000E-01   4.987066387200000E-01   4.973972478000000E-01   1.342225205600000E+01   6.518170778200000E+05
   1.000066640600000E+01   8.336791851100001E-01   4.628181885100000E-01   4.987167521300000E-01   4.973927416700000E-01   1.343224865600000E+01   6.518170778200000E+05
   1.000040906300000E+01   8.336929514800000E-01   4.627786503100000E-01   4.987293415600000E-01   4.973894502300000E-01   1.344224531800000E+01   6.518170778200000E+05
   1.000015408800000E+01   8.337065911600000E-01   4.627551781400000E-01   4.987391209400000E-01   4.973849450500000E-01   1.345224204100000E+01   6.518170778200000E+05
   9.999901458200000E+00   8.337201182300000E-01   4.627314443900000E-01   4.987488072600000E-01   4.973803986300000E-01   1.346223882400000E+01   6.518170778200000E+05
   9.999651151500000E+00   8.337335178600001E-01   4.627175804100000E-01   4.987579650700000E-01   4.973755821100000E-01   1.347223566600000E+01   6.518170778200000E+05
   9.999403146300001E+00   8.337467914400000E-01   4.626925400600000E-01   4.987674108500000E-01   4.973710080700000E-01   1.348223256600000E+01   6.518170778200000E+05
   9.999157421000000E+00   8.337599518000000E-01   4.626672357500000E-01   4.987767667800000E-01   4.973663921100000E-01   1.349222952200000E+01   6.518170778200000E+05
   9.998913954200001E+00   8.337729938500000E-01   4.626371394900000E-01   4.987855961900000E-01   4.973568850100000E-01   1.350222653400000E+01   6.518170778200000E+05
   9.998672724900000E+00   8.337859122100000E-01   4.626118704500000E-01   4.987949407300000E-01   4.973519706000000E-01   1.351222360100000E+01   6.518170778200000E+05
   9.998433712100001E+00   8.337987092700000E-01   4.625863392100000E-01   4.988041966000000E-01   4.973470126700000E-01   1.352222072200000E+01   6.518170778200000E+05
   9.998196895100000E+00   8.338113878100000E-01   4.625519569100000E-01   4.988140349800000E-01   4.973418344100000E-01   1.353221789500000E+01   6.518170778200000E+05
   9.997962253300001E+00   8.338239513100000E-01   4.625240597300000E-01   4.988230916300000E-01   4.973367857200000E-01   1.354221512100000E+01   6.518170778200000E+05
   9.997729766400001E+00   8.338364009900000E-01   4.624958945300000E-01   4.988320624000000E-01   4.973316924900000E-01   1.355221239600000E+01   6.518170778200000E+05
   9.997499414300000E+00   8.338487364900000E-01   4.624634416200000E-01   4.988409613300000E-01   4.973327178000000E-01   1.356220972200000E+01   6.518170778200000E+05
   9.997271177000000E+00   8.338609615700000E-01   4.624377790600000E-01   4.988496981600000E-01   4.973277096400000E-01   1.357220709700000E+01   6.518170778200000E+05
   9.997045034799999E+00   8.338730752000000E-01   4.624118571700000E-01   4.988583521500000E-01   4.973226564400000E-01   1.358220451900000E+01   6.518170778200000E+05
   9.996820968100000E+00   8.338850696500000E-01   4.623990074700000E-01   4.988642993300000E-01   4.973177981700000E-01   1.359220198900000E+01   6.518170778200000E+05
   9.996598957500000E+00   8.338969565700000E-01   4.623706871700000E-01   4.988727105000000E-01   4.973126785300000E-01   1.360219950500000E+01   6.518170778200000E+05
   9.996378983900000E+00   8.339087463200000E-01   4.623421010000000E-01   4.988812995500000E-01   4.973075128000000E-01   1.361219706600000E+01   6.518170778200000E+05
   9.996161028200000E+00   8.339204270500000E-01   4.623165196700000E-01   4.988923067600000E-01   4.972933030300000E-01   1.362219467200000E+01   6.518170778200000E+05
   9.995945071600000E+00   8.339319986400000E-01   4.622881672900000E-01   4.989005888300000E-01   4.972878181000000E-01   1.363219232200000E+01   6.518170778200000E+05
   9.995731095600000E+00   8.339434724100000E-01   4.622595502000000E-01   4.989087925000000E-01   4.972822851200000E-01   1.364219001400000E+01   6.518170778200000E+05
   9.995519081499999E+00   8.339548346700000E-01   4.622298255100000E-01   4.989159115200000E-01   4.972863433300000E-01   1.365218774900000E+01   6.518170778200000E+05
   9.995309011200000E+00   8.339660919600000E-01   4.622004291600000E-01   4.989240789100000E-01   4.972809404800000E-01   1.366218552500000E+01   6.518170778200000E+05
   9.995100866500000E+00   8.339772551000000E-01   4.621707660800000E-01   4.989321691200000E-01   4.972754890600000E-01   1.367218334200000E+01   6.518170778200000E+05
   9.994894629599999E+00   8.339883193199999E-01   4.621431596300000E-01   4.989405929900000E-01   4.972649838700000E-01   1.368218119800000E+01   6.518170778200000E+05
   9.994690282500001E+00   8.339992813200000E-01   4.621135886600000E-01   4.989484957400000E-01   4.972592872300000E-01   1.369217909400000E+01   6.518170778200000E+05
   9.994487807900001E+00   8.340101408900000E-01   4.620837511600000E-01   4.989563238300000E-01   4.972535401500000E-01   1.370217702800000E+01   6.518170778200000E+05
   9.994287188099999E+00   8.340208917200000E-01   4.620531647700000E-01   4.989638421400000E-01   4.972507923500000E-01   1.371217500000000E+01   6.518170778200000E+05
   9.994088405899999E+00   8.340315463700000E-01   4.620232600600000E-01   4.989714212500000E-01   4.972453044800000E-01   1.372217300900000E+01   6.518170778200000E+05
   9.993891444400001E+00   8.340421152300000E-01   4.619930883000000E-01   4.989789287200000E-01   4.972397661200000E-01   1.373217105400000E+01   6.518170778200000E+05
   9.993696286500001E+00   8.340525873000000E-01   4.619618148600000E-01   4.989869274600000E-01   4.972280305300000E-01   1.374216913400000E+01   6.518170778200000E+05
   9.993502915400001E+00   8.340629635900000E-01   4.619306529300000E-01   4.989943351700000E-01   4.972219917300000E-01   1.375216725000000E+01   6.518170778200000E+05
   9.993311314700000E+00   8.340732527200000E-01   4.618992205700000E-01   4.990016729200000E-01   4.972158993800000E-01   1.376216540000000E+01   6.518170778200000E+05
   9.993121467700000E+00   8.340834422900000E-01   4.618614832000000E-01   4.990094418700000E-01   4.972145217500000E-01   1.377216358400000E+01   6.518170778200000E+05
   9.992933358200000E+00   8.340935373200000E-01   4.618311894300000E-01   4.990166801200000E-01   4.972084022600000E-01   1.378216180100000E+01   6.518170778200000E+05
   9.992746970100001E+00   8.341035483100000E-01   4.618006275700000E-01   4.990238500600000E-01   4.972022278700000E-01   1.379216005000000E+01   6.518170778200000E+05
   9.992562287500000E+00   8.341134710500000E-01   4.617715512000000E-01   4.990298227100000E-01   4.972008625300000E-01   1.380215833200000E+01   6.518170778200000E+05
   9.992379294399999E+00   8.341233033000000E-01   4.617402903100000E-01   4.990369065900000E-01   4.971947217400000E-01   1.381215664500000E+01   6.518170778200000E+05
   9.992197975100000E+00   8.341330442300000E-01   4.617087581900000E-01   4.990439526700000E-01   4.971885248900000E-01   1.382215498800000E+01   6.518170778200000E+05
   9.992018314299999E+00   8.341426872900000E-01   4.616739135900000E-01   4.990516126900000E-01   4.971828883200000E-01   1.383215336200000E+01   6.518170778200000E+05
   9.991840296399999E+00   8.341522438500000E-01   4.616404754900000E-01   4.990584998000000E-01   4.971766357700000E-01   1.384215176500000E+01   6.518170778200000E+05
   9.991663906199999E+00   8.341617238500000E-01   4.616067596100000E-01   4.990653219800000E-01   4.971703256200000E-01   1.385215019700000E+01   6.518170778200000E+05
   9.991489128700000E+00   8.341711247200000E-01   4.615792903700000E-01   4.990719400900000E-01   4.971594235800000E-01   1.386214865800000E+01   6.518170778200000E+05
   9.991315948800001E+00   8.341804406900000E-01   4.615456810100000E-01   4.990785886900000E-01   4.971528273300000E-01   1.387214714700000E+01   6.518170778200000E+05
   9.991144351899999E+00   8.341896700400000E-01   4.615117923900000E-01   4.990851746100000E-01   4.971461708700000E-01   1.388214566300000E+01   6.518170778200000E+05
   9.990974323200000E+00   8.341988051400000E-01   4.614699307200000E-01   4.990910709400000E-01   4.971444661400000E-01   1.389214420700000E+01   6.518170778200000E+05
   9.990805848100001E+00   8.342078576600001E-01   4.614348601800000E-01   4.990975030600000E-01   4.971379474300000E-01   1.390214277700000E+01   6.518170778200000E+05
   9.990638912400000E+00   8.342168376000000E-01   4.613995053800000E-01   4.991038745200000E-01   4.971313675800000E-01   1.391214137300000E+01   6.518170778200000E+05
   9.990473501700000E+00   8.342257411300000E-01   4.613755132800000E-01   4.991111833200000E-01   4.971211179200000E-01   1.392213999400000E+01   6.518170778200000E+05
   9.990309602000000E+00   8.342345667000000E-01   4.613417894800000E-01   4.991175063500000E-01   4.971145602200000E-01   1.393213864100000E+01   6.518170778200000E+05
   9.990147199200001E+00   8.342433107200000E-01   4.613077833300000E-01   4.991237697900000E-01   4.971079400000000E-01   1.394213731200000E+01   6.518170778200000E+05
   9.989986279500000E+00   8.342519649500000E-01   4.612574651900000E-01   4.991291769300000E-01   4.971042786100000E-01   1.395213600800000E+01   6.518170778200000E+05
   9.989826829200000E+00   8.342605412800000E-01   4.612241021500000E-01   4.991352715100000E-01   4.970973171800000E-01   1.396213472700000E+01   6.518170778200000E+05
   9.989668834600000E+00   8.342690488400000E-01   4.611904559500000E-01   4.991413086200000E-01   4.970902899400000E-01   1.397213346900000E+01   6.518170778200000E+05
   9.989512282400000E+00   8.342774813600000E-01   4.611690433500000E-01   4.991481924500000E-01   4.970810317200000E-01   1.398213223500000E+01   6.518170778200000E+05
   9.989357159200001E+00   8.342858369300000E-01   4.611332357900000E-01   4.991541871900000E-01   4.970740815900000E-01   1.399213102200000E+01   6.518170778200000E+05
   9.989203451800000E+00   8.342941234200000E-01   4.610971364500000E-01   4.991601254400000E-01   4.970670643000000E-01   1.400212983200000E+01   6.518170778200000E+05
   9.989051147100000E+00   8.343023315600000E-01   4.610521028700000E-01   4.991649674800000E-01   4.970573950100000E-01   1.401212866400000E+01   6.518170778200000E+05
   9.988900232100001E+00   8.343104630100000E-01   4.610145589200000E-01   4.991708435700000E-01   4.970503108200000E-01   1.402212751600000E+01   6.518170778200000E+05
   9.988750694000000E+00   8.343185270500000E-01   4.609767164600000E-01   4.991766643100000E-01   4.970431573600000E-01   1.403212639000000E+01   6.518170778200000E+05
   9.988602520000001E+00   8.343265213000000E-01   4.609460426100000E-01   4.991832048500000E-01   4.970294162800000E-01   1.404212528400000E+01   6.518170778200000E+05
   9.988455697699999E+00   8.343344432799999E-01   4.609101457300000E-01   4.991888669700000E-01   4.970215998200000E-01   1.405212419800000E+01   6.518170778200000E+05
   9.988310214500000E+00   8.343422922600000E-01   4.608739516400000E-01   4.991944757100000E-01   4.970137089000000E-01   1.406212313200000E+01   6.518170778200000E+05
   9.988166058099999E+00   8.343500691200000E-01   4.608384431000000E-01   4.992003572300000E-01   4.970134009500000E-01   1.407212208500000E+01   6.518170778200000E+05
   9.988023216100000E+00   8.343577757500000E-01   4.608002010400000E-01   4.992058645200000E-01   4.970055018400000E-01   1.408212105700000E+01   6.518170778200000E+05
   9.987881676500001E+00   8.343654136600001E-01   4.607616527800000E-01   4.992113198700000E-01   4.969975260400000E-01   1.409212004800000E+01   6.518170778200000E+05
   9.987741427300000E+00   8.343729842600000E-01   4.607262390600000E-01   4.992159831900000E-01   4.969817696200000E-01   1.410211905800000E+01   6.518170778200000E+05
   9.987602456599999E+00   8.343804877100000E-01   4.606885197000000E-01   4.992213941900000E-01   4.969742180800000E-01   1.411211808500000E+01   6.518170778200000E+05
   9.987464752499999E+00   8.343879247200000E-01   4.606504919400000E-01   4.992267541800000E-01   4.969665899600000E-01   1.412211713000000E+01   6.518170778200000E+05
   9.987328303400000E+00   8.343952947400000E-01   4.606100442600000E-01   4.992322079900000E-01   4.969698404000000E-01   1.413211619200000E+01   6.518170778200000E+05
   9.987193097800001E+00   8.344026000100000E-01   4.605704737300000E-01   4.992374591300000E-01   4.969616595100000E-01   1.414211527100000E+01   6.518170778200000E+05
   9.987059124100000E+00   8.344098401200000E-01   4.605305865400000E-01   4.992426607300000E-01   4.969533966600000E-01   1.415211436700000E+01   6.518170778200000E+05
   9.986926370999999E+00   8.344170077400000E-01   4.604948975200000E-01   4.992483587000000E-01   4.969420878600000E-01   1.416211348000000E+01   6.518170778200000E+05
   9.986794827400001E+00   8.344241128200000E-01   4.604550530600000E-01   4.992534394300000E-01   4.969335261100000E-01   1.417211260800000E+01   6.518170778200000E+05
   9.986664481900000E+00   8.344311613800000E-01   4.604148870700000E-01   4.992584721700000E-01   4.969248783600000E-01   1.418211175300000E+01   6.518170778200000E+05
   9.986535323700000E+00   8.344381473800000E-01   4.603756912200000E-01   4.992625431000000E-01   4.969167141500000E-01   1.419211091300000E+01   6.518170778200000E+05
   9.986407341700000E+00   8.344450708100000E-01   4.603355976800000E-01   4.992675355000000E-01   4.969083008300000E-01   1.420211008800000E+01   6.518170778200000E+05
   9.986280525200000E+00   8.344519374100000E-01   4.602951774500000E-01   4.992724807400000E-01   4.968998001800000E-01   1.421210927800000E+01   6.518170778200000E+05
   9.986154863399999E+00   8.344587406200000E-01   4.602529279200000E-01   4.992753866900000E-01   4.968892816200000E-01   1.422210848300000E+01   6.518170778200000E+05
   9.986030345700000E+00   8.344654794400000E-01   4.602113891300000E-01   4.992802993800000E-01   4.968801814000000E-01   1.423210770200000E+01   6.518170778200000E+05
   9.985906961500000E+00   8.344721626600000E-01   4.601695153400000E-01   4.992851656500000E-01   4.968709877500000E-01   1.424210693500000E+01   6.518170778200000E+05
   9.985784700500000E+00   8.344787838200000E-01   4.601193861700000E-01   4.992921665700000E-01   4.968648934900000E-01   1.425210618300000E+01   6.518170778200000E+05
   9.985663552300000E+00   8.344853443600000E-01   4.600761860300000E-01   4.992968439100000E-01   4.968559366600000E-01   1.426210544400000E+01   6.518170778200000E+05
   9.985543506699999E+00   8.344918513300000E-01   4.600326418800000E-01   4.993014769600000E-01   4.968468847400000E-01   1.427210471800000E+01   6.518170778200000E+05
   9.985424553500000E+00   8.344983026000000E-01   4.600046382900000E-01   4.993044147300000E-01   4.968385296600000E-01   1.428210400600000E+01   6.518170778200000E+05
   9.985306682699999E+00   8.345046967400001E-01   4.599618616300000E-01   4.993088954100000E-01   4.968290189200000E-01   1.429210330600000E+01   6.518170778200000E+05
   9.985189884300000E+00   8.345110323800000E-01   4.599187359000000E-01   4.993133335700000E-01   4.968194072900000E-01   1.430210261900000E+01   6.518170778200000E+05
   9.985074148600001E+00   8.345173033900000E-01   4.598746434800000E-01   4.993191670200000E-01   4.968096795200000E-01   1.431210194500000E+01   6.518170778200000E+05
   9.984959465599999E+00   8.345235174700000E-01   4.598321244800000E-01   4.993235957900000E-01   4.968001339900000E-01   1.432210128300000E+01   6.518170778200000E+05
   9.984845825800001E+00   8.345296822200000E-01   4.597892506300000E-01   4.993279825200000E-01   4.967904846300000E-01   1.433210063300000E+01   6.518170778200000E+05
   9.984733219600001E+00   8.345357977300000E-01   4.597452933500000E-01   4.993327038000000E-01   4.967812006700000E-01   1.434209999400000E+01   6.518170778200000E+05
   9.984621637500000E+00   8.345418604300000E-01   4.597007383700000E-01   4.993370025000000E-01   4.967712989500000E-01   1.435209936700000E+01   6.518170778200000E+05
   9.984511070000000E+00   8.345478690600000E-01   4.596558172900000E-01   4.993412603300000E-01   4.967612883400000E-01   1.436209875200000E+01   6.518170778200000E+05
   9.984401507899999E+00   8.345538221300000E-01   4.596029597500000E-01   4.993453238200000E-01   4.967508932700000E-01   1.437209814800000E+01   6.518170778200000E+05
   9.984292942000000E+00   8.345597207700000E-01   4.595566493800000E-01   4.993495304700000E-01   4.967406925800000E-01   1.438209755400000E+01   6.518170778200000E+05
   9.984185363000000E+00   8.345655658000000E-01   4.595111948500000E-01   4.993536970800000E-01   4.967303780600000E-01   1.439209697200000E+01   6.518170778200000E+05
   9.984078761999999E+00   8.345713575700000E-01   4.594773592600000E-01   4.993580986700000E-01   4.967156473400000E-01   1.440209640000000E+01   6.518170778200000E+05
   9.983973129900001E+00   8.345770994500000E-01   4.594323586600000E-01   4.993621550300000E-01   4.967047668000000E-01   1.441209583800000E+01   6.518170778200000E+05
   9.983868458000000E+00   8.345827911800000E-01   4.593869756300000E-01   4.993661726800000E-01   4.966937649600000E-01   1.442209528700000E+01   6.518170778200000E+05
   9.983764737200000E+00   8.345884258400000E-01   4.593294914200000E-01   4.993701121000000E-01   4.966872383400000E-01   1.443209474500000E+01   6.518170778200000E+05
   9.983661959100001E+00   8.345940126600000E-01   4.592846752000000E-01   4.993740931300000E-01   4.966764004000000E-01   1.444209421400000E+01   6.518170778200000E+05
   9.983560114799999E+00   8.345995553500000E-01   4.592394683800000E-01   4.993780361200000E-01   4.966654377600000E-01   1.445209369200000E+01   6.518170778200000E+05
   9.983459195900000E+00   8.346050509900000E-01   4.591995294900000E-01   4.993820050100000E-01   4.966544321400000E-01   1.446209317900000E+01   6.518170778200000E+05
   9.983359193800000E+00   8.346104962999999E-01   4.591528848000000E-01   4.993858608000000E-01   4.966430368400000E-01   1.447209267600000E+01   6.518170778200000E+05
   9.983260100200001E+00   8.346158975600000E-01   4.591058365000000E-01   4.993896796400000E-01   4.966315094700000E-01   1.448209218200000E+01   6.518170778200000E+05
   9.983161906699999E+00   8.346212500800000E-01   4.590587736600000E-01   4.993931586000000E-01   4.966203789100000E-01   1.449209169700000E+01   6.518170778200000E+05
   9.983064605099999E+00   8.346265515900000E-01   4.590107117800000E-01   4.993968838900000E-01   4.966087458700000E-01   1.450209122000000E+01   6.518170778200000E+05
   9.982968187199999E+00   8.346318094500000E-01   4.589622336400000E-01   4.994005733700000E-01   4.965969751000000E-01   1.451209075200000E+01   6.518170778200000E+05
   9.982872644900000E+00   8.346370184500000E-01   4.589125478600000E-01   4.994019237200000E-01   4.965815342400000E-01   1.452209029300000E+01   6.518170778200000E+05
   9.982777970300001E+00   8.346421798800000E-01   4.588639019400000E-01   4.994056775600000E-01   4.965691940400000E-01   1.453208984200000E+01   6.518170778200000E+05
   9.982684155199999E+00   8.346472994200000E-01   4.588148279200000E-01   4.994093953100000E-01   4.965567071800000E-01   1.454208939900000E+01   6.518170778200000E+05
   9.982591191999999E+00   8.346523758800000E-01   4.587636672000000E-01   4.994149636500000E-01   4.965468860700000E-01   1.455208896500000E+01   6.518170778200000E+05
   9.982499072800000E+00   8.346574081300000E-01   4.587129550700000E-01   4.994185156800000E-01   4.965345791600000E-01   1.456208853800000E+01   6.518170778200000E+05
   9.982407789800000E+00   8.346623950199999E-01   4.586617998400000E-01   4.994220333600000E-01   4.965221209500000E-01   1.457208811800000E+01   6.518170778200000E+05
   9.982317335399999E+00   8.346673364900000E-01   4.586127059300000E-01   4.994247589300000E-01   4.965035997100000E-01   1.458208770700000E+01   6.518170778200000E+05
   9.982227701999999E+00   8.346722328100000E-01   4.585610208400000E-01   4.994282763100000E-01   4.964902948100000E-01   1.459208730300000E+01   6.518170778200000E+05
   9.982138882199999E+00   8.346770851300001E-01   4.585088786500000E-01   4.994317596300000E-01   4.964768270000000E-01   1.460208690600000E+01   6.518170778200000E+05
   9.982050868400000E+00   8.346818939800000E-01   4.584582857100000E-01   4.994345585600000E-01   4.964694935100000E-01   1.461208651600000E+01   6.518170778200000E+05
   9.981963653299999E+00   8.346866612700000E-01   4.584069753500000E-01   4.994379966800000E-01   4.964559043200000E-01   1.462208613400000E+01   6.518170778200000E+05
   9.981877229600000E+00   8.346913872100000E-01   4.583551948300000E-01   4.994414014000000E-01   4.964421446300000E-01   1.463208575800000E+01   6.518170778200000E+05
   9.981791590100000E+00   8.346960723500000E-01   4.582984047000000E-01   4.994458049300000E-01   4.964293412400000E-01   1.464208538900000E+01   6.518170778200000E+05
   9.981706727500001E+00   8.347007164400000E-01   4.582464610200000E-01   4.994491090900000E-01   4.964152919700000E-01   1.465208502700000E+01   6.518170778200000E+05
   9.981622634800001E+00   8.347053198200000E-01   4.581940315900000E-01   4.994523809600000E-01   4.964010630400000E-01   1.466208467100000E+01   6.518170778200000E+05
   9.981539305000000E+00   8.347098826300000E-01   4.581395035500000E-01   4.994557136600000E-01   4.963882260500000E-01   1.467208432200000E+01   6.518170778200000E+05
   9.981456731000000E+00   8.347144051800000E-01   4.580863338300000E-01   4.994588693200000E-01   4.963739742700000E-01   1.468208397900000E+01   6.518170778200000E+05
   9.981374905999999E+00   8.347188877400000E-01   4.580326608600000E-01   4.994619939400000E-01   4.963595348100000E-01   1.469208364300000E+01   6.518170778200000E+05
   9.981293823100000E+00   8.347233310000000E-01   4.579798378500000E-01   4.994645951800000E-01   4.963441525600000E-01   1.470208331200000E+01   6.518170778200000E+05
   9.981213475600001E+00   8.347277348800000E-01   4.579245253200000E-01   4.994677103600000E-01   4.963290868900000E-01   1.471208298800000E+01   6.518170778200000E+05
   9.981133856600000E+00   8.347321000900000E-01   4.578686900300000E-01   4.994707947700000E-01   4.963138209600000E-01   1.472208266900000E+01   6.518170778200000E+05
   9.981054959600000E+00   8.347364261600000E-01   4.578125648700000E-01   4.994744994600000E-01   4.962993529900000E-01   1.473208235600000E+01   6.518170778200000E+05
   9.980976778000000E+00   8.347407151600000E-01   4.577557611500000E-01   4.994774955500000E-01   4.962839913900000E-01   1.474208204900000E+01   6.518170778200000E+05
   9.980899305299999E+00   8.347449665800000E-01   4.576984147800000E-01   4.994804618300000E-01   4.962684196200000E-01   1.475208174700000E+01   6.518170778200000E+05
   9.980822534900000E+00   8.347491811200000E-01   4.576378231900000E-01   4.994833572800000E-01   4.962523383000000E-01   1.476208145100000E+01   6.518170778200000E+05
   9.980746460400001E+00   8.347533582900000E-01   4.575813247800000E-01   4.994862609700000E-01   4.962361449100000E-01   1.477208116000000E+01   6.518170778200000E+05
   9.980671075600000E+00   8.347574987800001E-01   4.575242635300000E-01   4.994891355800000E-01   4.962197272400000E-01   1.478208087400000E+01   6.518170778200000E+05
   9.980596373999999E+00   8.347616028300000E-01   4.574633494400000E-01   4.994919107700000E-01   4.962011011000000E-01   1.479208059400000E+01   6.518170778200000E+05
   9.980522349499999E+00   8.347656708900000E-01   4.574056512800000E-01   4.994947266500000E-01   4.961847198500000E-01   1.480208031900000E+01   6.518170778200000E+05
   9.980448995900000E+00   8.347697032400000E-01   4.573473673400000E-01   4.994975141100000E-01   4.961681035500000E-01   1.481208004800000E+01   6.518170778200000E+05
   9.980376307100000E+00   8.347736997100000E-01   4.572869710800000E-01   4.995002248100000E-01   4.961531702500000E-01   1.482207978300000E+01   6.518170778200000E+05
   9.980304277000000E+00   8.347776577600000E-01   4.572256571700000E-01   4.995029488900000E-01   4.961358383800000E-01   1.483207952200000E+01   6.518170778200000E+05
   9.980232899500001E+00   8.347815830700001E-01   4.571637327700000E-01   4.995056452400000E-01   4.961182547700000E-01   1.484207926600000E+01   6.518170778200000E+05
   9.980162168800000E+00   8.347854661700000E-01   4.571048013200000E-01   4.995086203000000E-01   4.961003949100000E-01   1.485207901500000E+01   6.518170778200000E+05
   9.980092078900000E+00   8.347893218500000E-01   4.570442605700000E-01   4.995112901500000E-01   4.960823074300000E-01   1.486207876800000E+01   6.518170778200000E+05
   9.980022624100000E+00   8.347931472900000E-01   4.569830825400000E-01   4.995139325900000E-01   4.960639517900000E-01   1.487207852600000E+01   6.518170778200000E+05
   9.979953798400000E+00   8.347969422700000E-01   4.569221531700000E-01   4.995159064400000E-01   4.960452692100000E-01   1.488207828800000E+01   6.518170778200000E+05
   9.979885596200001E+00   8.348007005000000E-01   4.568587830300000E-01   4.995184617100000E-01   4.960264977100000E-01   1.489207805400000E+01   6.518170778200000E+05
   9.979818011800001E+00   8.348044284900000E-01   4.567947476200000E-01   4.995209904400000E-01   4.960074408800000E-01   1.490207782500000E+01   6.518170778200000E+05
   9.979751039500000E+00   8.348081244700000E-01   4.567311635800000E-01   4.995226668100000E-01   4.959879632800000E-01   1.491207760000000E+01   6.518170778200000E+05
   9.979684673800000E+00   8.348117840500000E-01   4.566660757100000E-01   4.995252214000000E-01   4.959682220500000E-01   1.492207737900000E+01   6.518170778200000E+05
   9.979618909199999E+00   8.348154136600000E-01   4.566002920800000E-01   4.995277492300000E-01   4.959481753200000E-01   1.493207716100000E+01   6.518170778200000E+05
   9.979553740100000E+00   8.348190107900000E-01   4.565357466500000E-01   4.995317272500000E-01   4.959279788000000E-01   1.494207694800000E+01   6.518170778200000E+05
   9.979489161200000E+00   8.348225740000000E-01   4.564701343600000E-01   4.995341965800000E-01   4.959075530400000E-01   1.495207673900000E+01   6.518170778200000E+05
   9.979425167000000E+00   8.348261084300000E-01   4.564037913200000E-01   4.995366396900000E-01   4.958868016400000E-01   1.496207653300000E+01   6.518170778200000E+05
   9.979361752200001E+00   8.348296140900000E-01   4.563307728400000E-01   4.995388688200000E-01   4.958652331400000E-01   1.497207633200000E+01   6.518170778200000E+05
   9.979298911700001E+00   8.348330894100000E-01   4.562614317100000E-01   4.995412398600000E-01   4.958439486300000E-01   1.498207613300000E+01   6.518170778200000E+05
   9.979236640000000E+00   8.348365340700000E-01   4.561913276600000E-01   4.995435853400000E-01   4.958223155700000E-01   1.499207593900000E+01   6.518170778200000E+05
   9.979174932099999E+00   8.348399474200000E-01   4.561306712500000E-01   4.995457504500000E-01   4.958001659100000E-01   1.500207574800000E+01   6.518170778200000E+05
   9.979113782800001E+00   8.348433299200000E-01   4.560616594200000E-01   4.995480469400000E-01   4.957778478800000E-01   1.501207556000000E+01   6.518170778200000E+05
   9.979053187000000E+00   8.348466817400000E-01   4.559918397500000E-01   4.995503363300000E-01   4.957551554700000E-01   1.502207537600000E+01   6.518170778200000E+05
   9.978993139700000E+00   8.348500032000000E-01   4.559198147800000E-01   4.995521384900000E-01   4.957288083800000E-01   1.503207519500000E+01   6.518170778200000E+05
   9.978933635900001E+00   8.348532955800000E-01   4.558475688400000E-01   4.995544373100000E-01   4.957057814300000E-01   1.504207501700000E+01   6.518170778200000E+05
   9.978874670700000E+00   8.348565592800000E-01   4.557744757400000E-01   4.995567105800000E-01   4.956823532300000E-01   1.505207484300000E+01   6.518170778200000E+05
   9.978816239000000E+00   8.348597951000000E-01   4.556996888100000E-01   4.995594832700000E-01   4.956590220900000E-01   1.506207467200000E+01   6.518170778200000E+05
   9.978758336200000E+00   8.348630027800000E-01   4.556247422900000E-01   4.995616777700000E-01   4.956347050000000E-01   1.507207450400000E+01   6.518170778200000E+05
   9.978700957399999E+00   8.348661828700000E-01   4.555489046600000E-01   4.995638473100000E-01   4.956099544600000E-01   1.508207433900000E+01   6.518170778200000E+05
   9.978644097700000E+00   8.348693355400000E-01   4.554648233200000E-01   4.995657212600000E-01   4.955823561400000E-01   1.509207417700000E+01   6.518170778200000E+05
   9.978587752599999E+00   8.348724606700000E-01   4.553923018100000E-01   4.995677945500000E-01   4.955560119800000E-01   1.510207401700000E+01   6.518170778200000E+05
   9.978531917200000E+00   8.348755584500001E-01   4.553188144700000E-01   4.995698436400000E-01   4.955291979200000E-01   1.511207386100000E+01   6.518170778200000E+05
   9.978476586999999E+00   8.348786291300000E-01   4.552532045500000E-01   4.995708381700000E-01   4.955057703500000E-01   1.512207370800000E+01   6.518170778200000E+05
   9.978421757400000E+00   8.348816726600000E-01   4.551746777800000E-01   4.995729346100000E-01   4.954783181100000E-01   1.513207355700000E+01   6.518170778200000E+05
   9.978367423800000E+00   8.348846893700000E-01   4.550951462000000E-01   4.995750060200000E-01   4.954503575600000E-01   1.514207340900000E+01   6.518170778200000E+05
   9.978313581700000E+00   8.348876736000000E-01   4.550139194900000E-01   4.995770404300000E-01   4.954221358400000E-01   1.515207326400000E+01   6.518170778200000E+05
   9.978260226600000E+00   8.348906330000000E-01   4.549322207400000E-01   4.995789453000000E-01   4.953931444500000E-01   1.516207312100000E+01   6.518170778200000E+05
   9.978207354100000E+00   8.348935688700000E-01   4.548494593300000E-01   4.995808267000000E-01   4.953636016000000E-01   1.517207298100000E+01   6.518170778200000E+05
   9.978154959899999E+00   8.348964811600000E-01   4.547764064600000E-01   4.995838608300000E-01   4.953350055000000E-01   1.518207284400000E+01   6.518170778200000E+05
   9.978103039500001E+00   8.348993687300000E-01   4.546934022000000E-01   4.995858409700000E-01   4.953051585700000E-01   1.519207270900000E+01   6.518170778200000E+05
   9.978051588700000E+00   8.349022331700000E-01   4.546092517800000E-01   4.995877958700000E-01   4.952747097100000E-01   1.520207257600000E+01   6.518170778200000E+05
   9.978000603200000E+00   8.349050719300000E-01   4.545256227700000E-01   4.995895280400000E-01   4.952427445800000E-01   1.521207244600000E+01   6.518170778200000E+05
   9.977950078699999E+00   8.349078839000000E-01   4.544396189200000E-01   4.995913799200000E-01   4.952108413700000E-01   1.522207231800000E+01   6.518170778200000E+05
   9.977900011099999E+00   8.349106727600000E-01   4.543523895300000E-01   4.995932071200000E-01   4.951787402600000E-01   1.523207219300000E+01   6.518170778200000E+05
   9.977850396299999E+00   8.349134382400000E-01   4.542672073600000E-01   4.995948742900000E-01   4.951465253000000E-01   1.524207207000000E+01   6.518170778200000E+05
   9.977801230000001E+00   8.349161796200000E-01   4.541792896500000E-01   4.995966082000000E-01   4.951127549700000E-01   1.525207194900000E+01   6.518170778200000E+05
   9.977752508300000E+00   8.349188966100000E-01   4.540900376200000E-01   4.995983180200000E-01   4.950782638300000E-01   1.526207183000000E+01   6.518170778200000E+05
   9.977704227100000E+00   8.349215768900000E-01   4.539986947400000E-01   4.995999709800000E-01   4.950423995200000E-01   1.527207171300000E+01   6.518170778200000E+05
   9.977656382399999E+00   8.349242402800000E-01   4.539067543000000E-01   4.996016480000000E-01   4.950062585100000E-01   1.528207159900000E+01   6.518170778200000E+05
   9.977608970200000E+00   8.349268818300000E-01   4.538151276100000E-01   4.996033004000000E-01   4.949693272800000E-01   1.529207148600000E+01   6.518170778200000E+05
   9.977561986600000E+00   8.349294640700000E-01   4.537221843800000E-01   4.996047618300000E-01   4.949338450700000E-01   1.530207137600000E+01   6.518170778200000E+05
   9.977515427700000E+00   8.349320569000001E-01   4.536269805100000E-01   4.996064382500000E-01   4.948958640800000E-01   1.531207126800000E+01   6.518170778200000E+05
   9.977469289600000E+00   8.349346301800000E-01   4.535302157100000E-01   4.996080880700000E-01   4.948570022500000E-01   1.532207116100000E+01   6.518170778200000E+05
   9.977423568600001E+00   8.349372206000000E-01   4.534338922000000E-01   4.996095194800000E-01   4.948171040600000E-01   1.533207105700000E+01   6.518170778200000E+05
   9.977378260800000E+00   8.349397520100000E-01   4.533350629500000E-01   4.996111118800000E-01   4.947768261600000E-01   1.534207095400000E+01   6.518170778200000E+05
   9.977333362500000E+00   8.349422638700000E-01   4.532345168300000E-01   4.996126769700000E-01   4.947355620900000E-01   1.535207085400000E+01   6.518170778200000E+05
   9.977288870000001E+00   8.349447560800000E-01   4.531327927400000E-01   4.996142260700000E-01   4.946932968900000E-01   1.536207075500000E+01   6.518170778200000E+05
   9.977244779599999E+00   8.349472221799999E-01   4.530301431900000E-01   4.996157309100000E-01   4.946499827100000E-01   1.537207065800000E+01   6.518170778200000E+05
   9.977201087599999E+00   8.349496672800000E-01   4.529262279600000E-01   4.996172075400000E-01   4.946055684400000E-01   1.538207056200000E+01   6.518170778200000E+05
   9.977157790500000E+00   8.349520884000000E-01   4.528147394700000E-01   4.996186284400000E-01   4.945591192800000E-01   1.539207046900000E+01   6.518170778200000E+05
   9.977114884500001E+00   8.349544856100000E-01   4.527092912200000E-01   4.996200195300000E-01   4.945133338100000E-01   1.540207037700000E+01   6.518170778200000E+05
   9.977072366300000E+00   8.349568623600000E-01   4.526015908300000E-01   4.996213824200000E-01   4.944662710200000E-01   1.541207028600000E+01   6.518170778200000E+05
   9.977030232200001E+00   8.349592169500000E-01   4.524915511800000E-01   4.996226419400000E-01   4.944178444300000E-01   1.542207019800000E+01   6.518170778200000E+05
   9.976988478799999E+00   8.349615501600000E-01   4.523790966200000E-01   4.996239410600000E-01   4.943680541200000E-01   1.543207011100000E+01   6.518170778200000E+05
   9.976947102600001E+00   8.349638631500000E-01   4.522641620000000E-01   4.996252110000000E-01   4.943168186800000E-01   1.544207002500000E+01   6.518170778200000E+05
   9.976906100300001E+00   8.349661527100000E-01   4.521368949500000E-01   4.996337629200000E-01   4.942586552000000E-01   1.545206994200000E+01   6.518170778200000E+05
   9.976865468300000E+00   8.349684208700000E-01   4.520149502100000E-01   4.996352149700000E-01   4.942036638800000E-01   1.546206986000000E+01   6.518170778200000E+05
   9.976825203400001E+00   8.349706687200000E-01   4.518904990600000E-01   4.996366125300000E-01   4.941471267000000E-01   1.547206977900000E+01   6.518170778200000E+05
   9.976785302200000E+00   8.349728967500000E-01   4.517814668900000E-01   4.996302111500000E-01   4.940969208800000E-01   1.548206970000000E+01   6.518170778200000E+05
   9.976745761500000E+00   8.349750990400000E-01   4.516546658400000E-01   4.996313931200000E-01   4.940382233300000E-01   1.549206962200000E+01   6.518170778200000E+05
   9.976706577900000E+00   8.349772698600000E-01   4.515242973300000E-01   4.996325557800000E-01   4.939774146400000E-01   1.550206954500000E+01   6.518170778200000E+05
   9.976667748200001E+00   8.349793916400000E-01   4.513914623700000E-01   4.996344441700000E-01   4.939147472800000E-01   1.551206947000000E+01   6.518170778200000E+05
   9.976648465100000E+00   8.349803936400000E-01   4.513235733300000E-01   4.996349583700000E-01   4.938824244200000E-01   1.551706943300000E+01   6.518170778200000E+05
   9.976643177600000E+00   8.349806302300000E-01   4.513046344000000E-01   4.996350977000000E-01   4.938734420100000E-01   1.551844442200000E+01   6.518170778200000E+05
   9.976640272199999E+00   8.349807163100000E-01   4.512936266700000E-01   4.996341155900000E-01   4.938681545100000E-01   1.551920066700000E+01   6.518170778200000E+05
   9.976638675100000E+00   8.349806382000000E-01   4.512881412800000E-01   4.996341573800000E-01   4.938655448200000E-01   1.551961660100000E+01   6.518170778200000E+05
   9.976638565300000E+00   8.349805822800000E-01   4.512880968900000E-01   4.996341602500000E-01   4.938655225600000E-01   1.551964519600000E+01   6.518170778200000E+05
   9.976638483000000E+00   8.349804050900000E-01   4.512873413500000E-01   4.996345255900000E-01   4.938650931700000E-01   1.551966664100000E+01   6.518170778200000E+05
   9.976638477900000E+00   8.349803842900000E-01   4.512873227200000E-01   4.996345257300000E-01   4.938650706000000E-01   1.551966798100000E+01   6.518170778200000E+05
   9.976638472699999E+00   8.349803642000000E-01   4.512873040900000E-01   4.996345258600000E-01   4.938650617000000E-01   1.551966932100000E+01   6.518170778200000E+05
   9.976638465000001E+00   8.349803478100000E-01   4.513083916200000E-01   4.996761512500000E-01   4.938787078700000E-01   1.551967132300000E+01   6.518170778200000E+05
   9.976638465000001E+00   8.349803478100000E-01   4.513083916200000E-01   4.996761512500000E-01   4.938787078700000E-01   1.551967132300000E+01   6.518170778200000E+05

