   1.836639235100000E+01   5.338371779800000E-01   2.140167089000000E-01   4.890589001000000E-01  -6.108521367400000E-04   0.000000000000000E+00
   1.836651437000000E+01   5.339003014400000E-01   2.141122698200000E-01   4.890859787900000E-01  -6.108501264100000E-04   7.500472521300001E-05
   1.836659670900000E+01   5.339049751800000E-01   2.141233994000000E-01   4.890862083700000E-01  -6.108501256600000E-04   1.261996233300000E-04
   1.836676139300000E+01   5.339143239300000E-01   2.141456601000000E-01   4.890866676000000E-01  -6.108501241600000E-04   2.285796152200000E-04
   1.836709078800000E+01   5.339330264900000E-01   2.141901876900000E-01   4.890875863700000E-01  -6.108501211300000E-04   4.333002473600000E-04
   1.836774967800000E+01   5.339704518600000E-01   2.142792676200000E-01   4.890894251500000E-01  -6.108501149800000E-04   8.425843914000000E-04
   1.836906786700000E+01   5.340453835800000E-01   2.144575264200000E-01   4.890931076500000E-01  -6.108501023000000E-04   1.660523935600000E-03
   1.837104616800000E+01   5.341579838200000E-01   2.147251619300000E-01   4.890986438100000E-01  -6.108500823200000E-04   2.885861118900000E-03
   1.837401590500000E+01   5.343273405000000E-01   2.151271708700000E-01   4.891069760500000E-01  -6.108500501900000E-04   4.720328405300000E-03
   1.837847563900000E+01   5.345824036100000E-01   2.157314324200000E-01   4.891195377200000E-01  -6.108499971000000E-04   7.464063987600000E-03
   1.838517673000000E+01   5.349673159600000E-01   2.166406255200000E-01   4.891385237200000E-01  -6.108499062700000E-04   1.156173298700000E-02
   1.839346858900000E+01   5.354463626100000E-01   2.177677044800000E-01   4.891622031400000E-01  -6.108497752700000E-04   1.659087051200000E-02
   1.840178118500000E+01   5.359296719600000E-01   2.188998627400000E-01   4.891861509100000E-01  -6.108496229600000E-04   2.158714164300000E-02
   1.841011435600000E+01   5.364172573100000E-01   2.200370746000000E-01   4.892103705000000E-01  -6.108494488100000E-04   2.655051449700000E-02
   1.841846793600000E+01   5.369091316200000E-01   2.211793138600000E-01   4.892348654800000E-01  -6.108492522900000E-04   3.148096064100000E-02
   1.842684175800000E+01   5.374053075400000E-01   2.223265539500000E-01   4.892596395000000E-01  -6.108490328500000E-04   3.637845513800000E-02
   1.843523565500000E+01   5.379057971800000E-01   2.234787676400000E-01   4.892846961900000E-01  -6.108487899200000E-04   4.124297654400000E-02
   1.844364945600000E+01   5.384106124700000E-01   2.246359274500000E-01   4.893100393200000E-01  -6.108485229100000E-04   4.607450681900000E-02
   1.845208298800000E+01   5.389197648300000E-01   2.257980053800000E-01   4.893356726700000E-01  -6.108482312300000E-04   5.087303145700000E-02
   1.846053608000000E+01   5.394332654500000E-01   2.269649731900000E-01   4.893616001300000E-01  -6.108479142400000E-04   5.563853932600000E-02
   1.846900855600000E+01   5.399511251300000E-01   2.281368022100000E-01   4.893878256300000E-01  -6.108475713000000E-04   6.037102275700000E-02
   1.847750023900000E+01   5.404733543500000E-01   2.293134635100000E-01   4.894143531600000E-01  -6.108472017500000E-04   6.507047753200000E-02
   1.848601095200000E+01   5.409999633800000E-01   2.304949280400000E-01   4.894411868500000E-01  -6.108468048900000E-04   6.973690276699999E-02
   1.849454051600000E+01   5.415309620500000E-01   2.316811663500000E-01   4.894683308200000E-01  -6.108463800100000E-04   7.437030096199999E-02
   1.850308875100000E+01   5.420663599400000E-01   2.328721488400000E-01   4.894957892900000E-01  -6.108459263800000E-04   7.897067807900000E-02
   1.851165547400000E+01   5.426061664400000E-01   2.340678458900000E-01   4.895235665900000E-01  -6.108454432400000E-04   8.353804326000000E-02
   1.852024050400000E+01   5.431503906700000E-01   2.352682277300000E-01   4.895516671100000E-01  -6.108449297900000E-04   8.807240903999999E-02
   1.852884365600000E+01   5.436990415300000E-01   2.364732646100000E-01   4.895800953400000E-01  -6.108443852200000E-04   9.257379119100000E-02
   1.853746474500000E+01   5.442521276800000E-01   2.376829266900000E-01   4.896088558400000E-01  -6.108438086900000E-04   9.704220872200001E-02
   1.854610358700000E+01   5.448096576200000E-01   2.388971842600000E-01   4.896379532500000E-01  -6.108431993200000E-04   1.014776838500000E-01
   1.855475999300000E+01   5.453716397100000E-01   2.401160077000000E-01   4.896673923300000E-01  -6.108425561900000E-04   1.058802419600000E-01
   1.856343377600000E+01   5.459380822100000E-01   2.413393676600000E-01   4.896971779600000E-01  -6.108418783600000E-04   1.102499115400000E-01
   1.857212474800000E+01   5.465089932600000E-01   2.425672349200000E-01   4.897273150700000E-01  -6.108411648600000E-04   1.145867241500000E-01
   1.858083271900000E+01   5.470843808400000E-01   2.437995804700000E-01   4.897578087100000E-01  -6.108404146700000E-04   1.188907143800000E-01
   1.858955749900000E+01   5.476642530400000E-01   2.450363758400000E-01   4.897886640700000E-01  -6.108396267200000E-04   1.231619198100000E-01
   1.859829889700000E+01   5.482486178300000E-01   2.462775928000000E-01   4.898198864000000E-01  -6.108387999300000E-04   1.274003809700000E-01
   1.860705672200000E+01   5.488374833800000E-01   2.475232038700000E-01   4.898514811500000E-01  -6.108379331500000E-04   1.316061411900000E-01
   1.861583078300000E+01   5.494308577000000E-01   2.487731817600000E-01   4.898834538000000E-01  -6.108370251900000E-04   1.357792467300000E-01
   1.862462088500000E+01   5.500287490000000E-01   2.500274999500000E-01   4.899158099800000E-01  -6.108360748200000E-04   1.399197465300000E-01
   1.863342683600000E+01   5.506311658000000E-01   2.512861328400000E-01   4.899485555300000E-01  -6.108350807400000E-04   1.440276922200000E-01
   1.864224844300000E+01   5.512381166200000E-01   2.525490553400000E-01   4.899816963400000E-01  -6.108340416200000E-04   1.481031381400000E-01
   1.865108551100000E+01   5.518496103700000E-01   2.538162433800000E-01   4.900152384800000E-01  -6.108329560600000E-04   1.521461411600000E-01
   1.865993784600000E+01   5.524656561200000E-01   2.550876737100000E-01   4.900491881500000E-01  -6.108318225900000E-04   1.561567606400000E-01
   1.866880525200000E+01   5.530862634500000E-01   2.563633242700000E-01   4.900835517200000E-01  -6.108306397000000E-04   1.601350583900000E-01
   1.867768753400000E+01   5.537114423300000E-01   2.576431741700000E-01   4.901183357700000E-01  -6.108294057900000E-04   1.640810985600000E-01
   1.868167274900000E+01   5.539930913500000E-01   2.582180737400000E-01   4.901340618100000E-01  -6.108288358400000E-04   1.658389980200000E-01
   1.869057622700000E+01   5.546249090000001E-01   2.595039701800000E-01   4.901694666500000E-01  -6.108275250900000E-04   1.697384433400000E-01
   1.869949410200000E+01   5.552613246200000E-01   2.607940200200000E-01   4.902053086600000E-01  -6.108261591100000E-04   1.736057976700000E-01
   1.870842617700000E+01   5.559023502400000E-01   2.620882072600000E-01   4.902415950400000E-01  -6.108247360500000E-04   1.774411326800000E-01
   1.871737225400000E+01   5.565479982800000E-01   2.633865171000000E-01   4.902783330900000E-01  -6.108232539800000E-04   1.812445221400000E-01
   1.872633213800000E+01   5.571982823200000E-01   2.646889369700000E-01   4.903155304200000E-01  -6.108217108500000E-04   1.850160416100000E-01
   1.873530563000000E+01   5.578532167000000E-01   2.659954560100000E-01   4.903531948200000E-01  -6.108201045200000E-04   1.887557685700000E-01
   1.874429253200000E+01   5.585128165900000E-01   2.673060651900000E-01   4.903913342500000E-01  -6.108184327700000E-04   1.924637822600000E-01
   1.875329264600000E+01   5.591770985600000E-01   2.686207581500000E-01   4.904299570300000E-01  -6.108166932400000E-04   1.961401634100000E-01
   1.876230577500000E+01   5.598460801200000E-01   2.699395304400000E-01   4.904690716300000E-01  -6.108148834600000E-04   1.997849944500000E-01
   1.877133171700000E+01   5.605197802900000E-01   2.712623805400000E-01   4.905086868900000E-01  -6.108130008300000E-04   2.033983591700000E-01
   1.878037027600000E+01   5.611982192700000E-01   2.725893091800000E-01   4.905488117900000E-01  -6.108110426200000E-04   2.069803427400000E-01
   1.878942125000000E+01   5.618814190200000E-01   2.739203203300000E-01   4.905894557200000E-01  -6.108090059600000E-04   2.105310315100000E-01
   1.879848443900000E+01   5.625694031200000E-01   2.752554209600000E-01   4.906306283500000E-01  -6.108068878100000E-04   2.140505129700000E-01
   1.880755964300000E+01   5.632621969300000E-01   2.765946212500000E-01   4.906723396600000E-01  -6.108046849900000E-04   2.175388756300000E-01
   1.881664666000000E+01   5.639598279800000E-01   2.779379352000000E-01   4.907146000200000E-01  -6.108023941200000E-04   2.209962088200000E-01
   1.882574528800000E+01   5.646623257400000E-01   2.792853802800000E-01   4.907574201100000E-01  -6.108000116300000E-04   2.244226027100000E-01
   1.883485532400000E+01   5.653697221500000E-01   2.806369781900000E-01   4.908008110400000E-01  -6.107975337600000E-04   2.278181480400000E-01
   1.884397656400000E+01   5.660820517000000E-01   2.819927550000000E-01   4.908447843400000E-01  -6.107949565400000E-04   2.311829360600000E-01
   1.885310880500000E+01   5.667993515100000E-01   2.833527412500000E-01   4.908893519300000E-01  -6.107922757300000E-04   2.345170584000000E-01
   1.886225183900000E+01   5.675216618300000E-01   2.847169726700000E-01   4.909345262400000E-01  -6.107894868700000E-04   2.378206068700000E-01
   1.887140546000000E+01   5.682490259900000E-01   2.860854901700000E-01   4.909803201600000E-01  -6.107865852100000E-04   2.410936734000000E-01
   1.888056946100000E+01   5.689814908400000E-01   2.874583404000000E-01   4.910267471300000E-01  -6.107835657200000E-04   2.443363497500000E-01
   1.888974363000000E+01   5.697191070299999E-01   2.888355761700000E-01   4.910738211400000E-01  -6.107804230300000E-04   2.475487274800000E-01
   1.889892775600000E+01   5.704619291800000E-01   2.902172567300000E-01   4.911215567400000E-01  -6.107771514400000E-04   2.507308977300000E-01
   1.890812162600000E+01   5.712100164700000E-01   2.916034486100000E-01   4.911699691900000E-01  -6.107737448800000E-04   2.538829510000000E-01
   1.891732502500000E+01   5.719634326900001E-01   2.929942256800000E-01   4.912190743600000E-01  -6.107701968600000E-04   2.570049769900000E-01
   1.892653773400000E+01   5.727222468499999E-01   2.943896700600000E-01   4.912688888600000E-01  -6.107665004600000E-04   2.600970644400000E-01
   1.893575953100000E+01   5.734865336600000E-01   2.957898727600000E-01   4.913194301400000E-01  -6.107626482800000E-04   2.631593008000000E-01
   1.894499019500000E+01   5.742563738399999E-01   2.971949342000000E-01   4.913707164200000E-01  -6.107586323900000E-04   2.661917721600000E-01
   1.895422949600000E+01   5.750318546199999E-01   2.986049648600000E-01   4.914227668400000E-01  -6.107544443000000E-04   2.691945628900000E-01
   1.896347720400000E+01   5.758130706100000E-01   3.000200866100000E-01   4.914756015200000E-01  -6.107500748800000E-04   2.721677554300000E-01
   1.897273308400000E+01   5.766001240400001E-01   3.014404330000000E-01   4.915292416300000E-01  -6.107455143300000E-04   2.751114299900000E-01
   1.898199689500000E+01   5.773931257000000E-01   3.028661506600000E-01   4.915837094400000E-01  -6.107407520900000E-04   2.780256642900000E-01
   1.899126839100000E+01   5.781921957500000E-01   3.042974004100000E-01   4.916390284900000E-01  -6.107357767700000E-04   2.809105332100000E-01
   1.900054732200000E+01   5.789974645000000E-01   3.057343584900000E-01   4.916952236400000E-01  -6.107305760700001E-04   2.837661084300000E-01
   1.900983342700000E+01   5.798090732500000E-01   3.071772176600000E-01   4.917523211800000E-01  -6.107251366800000E-04   2.865924581100000E-01
   1.901912644200000E+01   5.806271755000000E-01   3.086261890800000E-01   4.918103489800000E-01  -6.107194441800000E-04   2.893896464300000E-01
   1.902842609100000E+01   5.814519382000000E-01   3.100815040100000E-01   4.918693366500000E-01  -6.107134829000000E-04   2.921577331400000E-01
   1.903773209000000E+01   5.822835428899999E-01   3.115434155400000E-01   4.919293156500000E-01  -6.107072357800000E-04   2.948967731100000E-01
   1.904704414200000E+01   5.831221876200000E-01   3.130122013200000E-01   4.919903195900000E-01  -6.107006842400000E-04   2.976068157200000E-01
   1.905636194200000E+01   5.839680877800000E-01   3.144881647900000E-01   4.920523842100000E-01  -6.106938079700000E-04   3.002879043500000E-01
   1.906568516500000E+01   5.848214792100001E-01   3.159716397600000E-01   4.921155478900000E-01  -6.106865847200000E-04   3.029400755700000E-01
   1.907501347600000E+01   5.856826195200000E-01   3.174629922300000E-01   4.921798517200000E-01  -6.106789900700000E-04   3.055633585400000E-01
   1.908434651700000E+01   5.865517909300000E-01   3.189626245700000E-01   4.922453398900000E-01  -6.106709971100000E-04   3.081577740700000E-01
   1.909368391200000E+01   5.874293032100000E-01   3.204709798200000E-01   4.923120600300000E-01  -6.106625761800000E-04   3.107233336500000E-01
   1.910302526200000E+01   5.883154967300001E-01   3.219885461000000E-01   4.923800635400000E-01  -6.106536944200000E-04   3.132600384600000E-01
   1.911237013900000E+01   5.892107467500000E-01   3.235158628800000E-01   4.924494061900000E-01  -6.106443153600000E-04   3.157678780400000E-01
   1.912171808400000E+01   5.901154673500000E-01   3.250535267200000E-01   4.925201485200000E-01  -6.106343983600000E-04   3.182468289300000E-01
   1.913106860300000E+01   5.910301173100000E-01   3.266021998300000E-01   4.925923565900000E-01  -6.106238979800000E-04   3.206968529500000E-01
   1.914042115900000E+01   5.919552054600000E-01   3.281626179100000E-01   4.926661025800000E-01  -6.106127632700000E-04   3.231178954300000E-01
   1.914977516600000E+01   5.928912988800000E-01   3.297356021200000E-01   4.927414658400000E-01  -6.106009367900001E-04   3.255098827800000E-01
   1.915912998000000E+01   5.938390307800000E-01   3.313220705600000E-01   4.928185337600000E-01  -6.105883535600000E-04   3.278727200600000E-01
   1.916848489100000E+01   5.947991112600000E-01   3.329230540900000E-01   4.928974031200000E-01  -6.105749397300000E-04   3.302062876800000E-01
   1.917783910600000E+01   5.957723400900000E-01   3.345397149800000E-01   4.929781816000000E-01  -6.105606108700000E-04   3.325104377000000E-01
   1.918719173400000E+01   5.967596213600000E-01   3.361733683300000E-01   4.930609894800000E-01  -6.105452700300000E-04   3.347849893400000E-01
   1.919654177000000E+01   5.977619827000000E-01   3.378255102800000E-01   4.931459619800000E-01  -6.105288051300000E-04   3.370297233300000E-01
   1.920588806500000E+01   5.987805990700000E-01   3.394978528300000E-01   4.932332521500000E-01  -6.105110857500000E-04   3.392443750500000E-01
   1.921522929400000E+01   5.998168207100000E-01   3.411923648200000E-01   4.933230340200000E-01  -6.104919590600000E-04   3.414286260600000E-01
   1.922456391500000E+01   6.008722117600001E-01   3.429113285600000E-01   4.934155073900000E-01  -6.104712444700000E-04   3.435820929700000E-01
   1.923389011300000E+01   6.019485968000000E-01   3.446574081400000E-01   4.935109031800000E-01  -6.104487267400000E-04   3.457043137600000E-01
   1.924320572300000E+01   6.030481242900000E-01   3.464337424600000E-01   4.936094910700000E-01  -6.104241466200000E-04   3.477947291600000E-01
   1.925250812500000E+01   6.041733479000000E-01   3.482440647400000E-01   4.937115889900000E-01  -6.103971884200000E-04   3.498526585300000E-01
   1.926179410300000E+01   6.053273392600000E-01   3.500928679700000E-01   4.938175765400000E-01  -6.103674626500000E-04   3.518772665000000E-01
   1.927105963800000E+01   6.065138418700000E-01   3.519856311200000E-01   4.939279131200000E-01  -6.103344815900000E-04   3.538675168800000E-01
   1.928029959900000E+01   6.077374883000000E-01   3.539291382300000E-01   4.940431634300000E-01  -6.102976239600000E-04   3.558221064100000E-01
   1.928950728200000E+01   6.090041187100000E-01   3.559319465900000E-01   4.941640351100000E-01  -6.102560820600000E-04   3.577393664400000E-01
   1.929867367400000E+01   6.103212539800000E-01   3.580050822200000E-01   4.942914340800000E-01  -6.102087805300000E-04   3.596171124000000E-01
   1.930778623400000E+01   6.116988460200000E-01   3.601631430100000E-01   4.944265530400000E-01  -6.101542445800000E-04   3.614523993100000E-01
   1.931682675100000E+01   6.131504960400000E-01   3.624260898200000E-01   4.945710141200000E-01  -6.100903776600000E-04   3.632411058500000E-01
   1.932576730200000E+01   6.146955842100000E-01   3.648223772300000E-01   4.947271189300000E-01  -6.100140587800001E-04   3.649771688400000E-01
   1.933456187100000E+01   6.163632565600000E-01   3.673948127400000E-01   4.948983164300000E-01  -6.099203533500000E-04   3.666510399500000E-01
   1.934312665500000E+01   6.182006376900000E-01   3.702126178400000E-01   4.950901677200000E-01  -6.098007915500000E-04   3.682461575300000E-01
   1.935128488600000E+01   6.202919127500000E-01   3.733994099000000E-01   4.953125942800000E-01  -6.096390259200000E-04   3.697293294700000E-01
   1.935856622000000E+01   6.228086307800000E-01   3.772066817400000E-01   4.955858537700000E-01  -6.093975450700000E-04   3.710167907100000E-01
   1.936320145600000E+01   6.261028020100000E-01   3.821461925300000E-01   4.959522511000000E-01  -6.089732479700000E-04   3.718104088100000E-01
   1.936337160700000E+01   6.268381416500000E-01   3.832423042800000E-01   4.960353025100000E-01  -6.088562258600000E-04   3.718387545500000E-01
   1.935935437000000E+01   6.302400924900000E-01   3.882841261300000E-01   4.964248600900000E-01  -6.081632523500001E-04   3.711914643500000E-01
   1.935155412000000E+01   6.325231033099999E-01   3.916422702800000E-01   4.966904864000000E-01  -6.075020612900000E-04   3.699694970000000E-01
   1.934273379300000E+01   6.342020978000000E-01   3.940999759200000E-01   4.968874536100000E-01  -6.068661424800000E-04   3.686185146800000E-01
   1.933351644900000E+01   6.355496907600000E-01   3.960657540600000E-01   4.970462356500000E-01  -6.062305463700001E-04   3.672310584100000E-01
   1.932409774500000E+01   6.366874790000000E-01   3.977210652800000E-01   4.971805843100000E-01  -6.055814648799999E-04   3.658333332600000E-01
   1.931455990700000E+01   6.376790884700000E-01   3.991606221200000E-01   4.972977495500000E-01  -6.049104475400000E-04   3.644349899100000E-01
   1.930494431300000E+01   6.385621107200000E-01   4.004402749300000E-01   4.974020410000000E-01  -6.042115800900000E-04   3.630401198200000E-01
   1.929527442100000E+01   6.393607427500000E-01   4.015959144900000E-01   4.974962478700000E-01  -6.034802434600000E-04   3.616505663300000E-01
   1.928556469700000E+01   6.400915653500000E-01   4.026520983600000E-01   4.975822911400000E-01  -6.027125151700000E-04   3.602671483100000E-01
   1.927582463800000E+01   6.407664905500000E-01   4.036264451700000E-01   4.976615575600000E-01  -6.019048539400000E-04   3.588901798200000E-01
   1.926606078700000E+01   6.413943974300000E-01   4.045320707900000E-01   4.977350856500000E-01  -6.010539199999999E-04   3.575197137400000E-01
   1.925627782900000E+01   6.419821042000000E-01   4.053790344900000E-01   4.978036764900000E-01  -6.001564640600000E-04   3.561556645800000E-01
   1.924647922500000E+01   6.425349737600000E-01   4.061752391700000E-01   4.978679629500000E-01  -5.992092567500000E-04   3.547978736900000E-01
   1.923666759700000E+01   6.430573100100000E-01   4.069270199700000E-01   4.979284552300000E-01  -5.982090396700000E-04   3.534461453600000E-01
   1.922684497900000E+01   6.435526274000000E-01   4.076395443000000E-01   4.979855716400000E-01  -5.971524887500000E-04   3.521002673000000E-01
   1.921701297400000E+01   6.440238365099999E-01   4.083170871200000E-01   4.980396601700000E-01  -5.960361885800000E-04   3.507600223500000E-01
   1.920717287300000E+01   6.444733796500000E-01   4.089632318800000E-01   4.980910139700000E-01  -5.948566092900000E-04   3.494251953600000E-01
   1.919732572200000E+01   6.449033277400000E-01   4.095810139800000E-01   4.981398827100000E-01  -5.936100897700000E-04   3.480955770100000E-01
   1.918747238500000E+01   6.453154551600000E-01   4.101730316400000E-01   4.981864811200000E-01  -5.922928200900000E-04   3.467709659600000E-01
   1.917761358400000E+01   6.457112943000000E-01   4.107415265200000E-01   4.982309954400000E-01  -5.909008285600000E-04   3.454511698400000E-01
   1.916774992500000E+01   6.460921794500000E-01   4.112884486000000E-01   4.982735884700000E-01  -5.894299672800000E-04   3.441360057000000E-01
   1.915788192300000E+01   6.464592803300000E-01   4.118155058000000E-01   4.983144034700000E-01  -5.878758993400000E-04   3.428253000200000E-01
   1.914801002100000E+01   6.468136285600000E-01   4.123242029800000E-01   4.983535673300000E-01  -5.862340866500000E-04   3.415188884500000E-01
   1.913813459900000E+01   6.471561396700000E-01   4.128158744200000E-01   4.983911930400000E-01  -5.844997763400000E-04   3.402166154800000E-01
   1.912825599100000E+01   6.474876298600000E-01   4.132917086300000E-01   4.984273817700000E-01  -5.826679891200000E-04   3.389183340200000E-01
   1.911837448600000E+01   6.478088305200000E-01   4.137527696700000E-01   4.984622244900000E-01  -5.807335057900000E-04   3.376239049400000E-01
   1.910849034300000E+01   6.481204000100000E-01   4.142000145200000E-01   4.984958033900000E-01  -5.786908538400000E-04   3.363331966100000E-01
   1.909860378900000E+01   6.484229328200000E-01   4.146343065800000E-01   4.985281930000000E-01  -5.765342952100000E-04   3.350460844000000E-01
   1.908871502800000E+01   6.487169684800000E-01   4.150564288200000E-01   4.985594611600000E-01  -5.742578104300000E-04   3.337624503500000E-01
   1.907882424200000E+01   6.490029975800000E-01   4.154670925500000E-01   4.985896698300000E-01  -5.718550863000000E-04   3.324821826500000E-01
   1.906893159800000E+01   6.492814685900000E-01   4.158669475000000E-01   4.986188758000000E-01  -5.693194980600000E-04   3.312051753500000E-01
   1.905903724500000E+01   6.495527915700000E-01   4.162565872800000E-01   4.986471312400000E-01  -5.666440973400000E-04   3.299313279000000E-01
   1.904914132300000E+01   6.498173433100000E-01   4.166365569300000E-01   4.986744842100000E-01  -5.638215933400000E-04   3.286605449200000E-01
   1.903924395800000E+01   6.500754707700001E-01   4.170073579000000E-01   4.987009791500000E-01  -5.608443365999999E-04   3.273927358400000E-01
   1.902934526800000E+01   6.503274939900000E-01   4.173694524300000E-01   4.987266571800000E-01  -5.577043020600000E-04   3.261278146300000E-01
   1.901944536500000E+01   6.505737091200000E-01   4.177232679000000E-01   4.987515564900000E-01  -5.543930699700000E-04   3.248656995400000E-01
   1.900954435200000E+01   6.508143905800000E-01   4.180692000400000E-01   4.987757125800000E-01  -5.509018076000000E-04   3.236063128900000E-01
   1.899964233000000E+01   6.510497935200000E-01   4.184076165600000E-01   4.987991585700000E-01  -5.472212475600000E-04   3.223495808500000E-01
   1.898973939100000E+01   6.512801550800000E-01   4.187388589100000E-01   4.988219253600000E-01  -5.433416699600000E-04   3.210954332000000E-01
   1.897983563000000E+01   6.515056965100000E-01   4.190632454600000E-01   4.988440418600000E-01  -5.392528783100000E-04   3.198438032500000E-01
   1.896993113400000E+01   6.517266245300000E-01   4.193810734700000E-01   4.988655351700000E-01  -5.349441772200000E-04   3.185946276200000E-01
   1.896002599200000E+01   6.519431323500000E-01   4.196926205400000E-01   4.988864307100000E-01  -5.304043503900001E-04   3.173478461100000E-01
   1.895012029200000E+01   6.521554009900000E-01   4.199981466400000E-01   4.989067523900000E-01  -5.256216349200000E-04   3.161034016000000E-01
   1.894021412100000E+01   6.523636004500000E-01   4.202978956900000E-01   4.989265227200000E-01  -5.205836950100000E-04   3.148612399400000E-01
   1.893030756700000E+01   6.525678902700000E-01   4.205920964500000E-01   4.989457628800000E-01  -5.152775975400000E-04   3.136213098400000E-01
   1.892040072000000E+01   6.527684207200000E-01   4.208809643000000E-01   4.989644929200000E-01  -5.096897815900000E-04   3.123835628300000E-01
   1.891049367400000E+01   6.529653330500000E-01   4.211647015100000E-01   4.989827317200000E-01  -5.038060336200000E-04   3.111479531600000E-01
   1.890058652500000E+01   6.531587606900000E-01   4.214434990100000E-01   4.990004971900000E-01  -4.976114535100000E-04   3.099144378000000E-01
   1.889067937100000E+01   6.533488294699999E-01   4.217175367700000E-01   4.990178062800000E-01  -4.910904262800000E-04   3.086829763800000E-01
   1.888077232000000E+01   6.535356582900000E-01   4.219869847300000E-01   4.990346750400000E-01  -4.842265892400000E-04   3.074535311600000E-01
   1.887086548200000E+01   6.537193596300001E-01   4.222520035500000E-01   4.990511187400000E-01  -4.770027981200000E-04   3.062260670600000E-01
   1.886095897600000E+01   6.539000399100000E-01   4.225127451400000E-01   4.990671518400000E-01  -4.694010940700000E-04   3.050005516600000E-01
   1.885105292700000E+01   6.540778000400000E-01   4.227693534500000E-01   4.990827881200000E-01  -4.614026661400000E-04   3.037769552100000E-01
   1.884114747200000E+01   6.542527356500000E-01   4.230219647800000E-01   4.990980406900000E-01  -4.529878165700000E-04   3.025552507000000E-01
   1.883124275500000E+01   6.544249373100000E-01   4.232707081800000E-01   4.991129220100000E-01  -4.441359240700000E-04   3.013354138900000E-01
   1.882133893600000E+01   6.545944911300000E-01   4.235157062100000E-01   4.991274439900000E-01  -4.348254022800000E-04   3.001174234200000E-01
   1.881143618400000E+01   6.547614789300000E-01   4.237570753000000E-01   4.991416179500000E-01  -4.250336608600000E-04   2.989012608700000E-01
   1.880153468500000E+01   6.549259783900000E-01   4.239949258800000E-01   4.991554547300000E-01  -4.147370664800000E-04   2.976869109000000E-01
   1.879163464000000E+01   6.550880633500000E-01   4.242293628700000E-01   4.991689646600000E-01  -4.039109009500000E-04   2.964743613500000E-01
   1.878173627000000E+01   6.552478040000000E-01   4.244604859100000E-01   4.991821576000000E-01  -3.925293200000000E-04   2.952636034200000E-01
   1.877183981500000E+01   6.554052670100000E-01   4.246883895800000E-01   4.991950430000000E-01  -3.805653116100000E-04   2.940546318300000E-01
   1.876194553600000E+01   6.555605159200000E-01   4.249131639400000E-01   4.992076298800000E-01  -3.679906507000000E-04   2.928474450200000E-01
   1.875205372100000E+01   6.557136111100000E-01   4.251348945200000E-01   4.992199268800000E-01  -3.547758593800000E-04   2.916420453700000E-01
   1.874216468400000E+01   6.558646099700000E-01   4.253536625500000E-01   4.992319422500000E-01  -3.408901643800000E-04   2.904384394300000E-01
   1.873227876800000E+01   6.560135670200000E-01   4.255695450800000E-01   4.992436839300000E-01  -3.263014573300000E-04   2.892366382500000E-01
   1.872239635000000E+01   6.561605341200000E-01   4.257826153800000E-01   4.992551594800000E-01  -3.109762507700000E-04   2.880366575900000E-01
   1.871251784200000E+01   6.563055605100000E-01   4.259929429500000E-01   4.992663761600000E-01  -2.948796418500000E-04   2.868385183300000E-01
   1.870264369700000E+01   6.564486927800000E-01   4.262005934100000E-01   4.992773409300000E-01  -2.779752791400000E-04   2.856422468100000E-01
   1.869277441000000E+01   6.565899752600000E-01   4.264056291700000E-01   4.992880604500000E-01  -2.602253207300000E-04   2.844478752200000E-01
   1.868291052200000E+01   6.567294498800000E-01   4.266081091800000E-01   4.992985411200000E-01  -2.415904089300000E-04   2.832554420300000E-01
   1.867305262800000E+01   6.568671562100000E-01   4.268080889500000E-01   4.993087890400000E-01  -2.220296452800000E-04   2.820649924400000E-01
   1.866320137700000E+01   6.570031316500000E-01   4.270056208900000E-01   4.993188101000000E-01  -2.015005654800000E-04   2.808765789300000E-01
   1.865335748000000E+01   6.571374112600000E-01   4.272007540100000E-01   4.993286098900000E-01  -1.799591324000000E-04   2.796902617300000E-01
   1.864352171400000E+01   6.572700282500000E-01   4.273935346600000E-01   4.993381938200000E-01  -1.573597123300000E-04   2.785061094600000E-01
   1.863369492500000E+01   6.574010133800000E-01   4.275840055800000E-01   4.993475670300000E-01  -1.336550998100000E-04   2.773241996500000E-01
   1.862387804100000E+01   6.575303957999999E-01   4.277722072700000E-01   4.993567344600000E-01  -1.087964961700000E-04   2.761446194700000E-01
   1.861407207000000E+01   6.576582020300000E-01   4.279581763200000E-01   4.993657008400000E-01  -8.273357604000000E-05   2.749674663200000E-01
   1.860427810900000E+01   6.577844570200000E-01   4.281419470900000E-01   4.993744706800000E-01  -5.541447837200000E-05   2.737928486000000E-01
   1.859449735300000E+01   6.579091834800000E-01   4.283235506500000E-01   4.993830483100000E-01  -2.678588769200000E-05   2.726208863200000E-01
   1.858473109900000E+01   6.580324022600000E-01   4.285030153900000E-01   4.993914378700000E-01   3.206917744600000E-06   2.714517119700000E-01
   1.857498075200000E+01   6.581541322500000E-01   4.286803668000000E-01   4.993996432900000E-01   3.461997182700000E-05   2.702854711300000E-01
   1.856524783400000E+01   6.582743898900000E-01   4.288556267800000E-01   4.994076683500000E-01   6.751048931500000E-05   2.691223232400000E-01
   1.855553398900000E+01   6.583931903400000E-01   4.290288153800000E-01   4.994155166500000E-01   1.019367994400000E-04   2.679624423700000E-01
   1.854584098800000E+01   6.585105466400000E-01   4.291999495400000E-01   4.994231916100000E-01   1.379581480800000E-04   2.668060178800000E-01
   1.853617073800000E+01   6.586264695000000E-01   4.293690427300000E-01   4.994306965200000E-01   1.756345016400000E-04   2.656532549600000E-01
   1.852652528500000E+01   6.587409682599999E-01   4.295361064600000E-01   4.994380344800000E-01   2.150264015700000E-04   2.645043753800000E-01
   1.851690681800000E+01   6.588540501000000E-01   4.297011489900000E-01   4.994452084700000E-01   2.561946760600000E-04   2.633596178000000E-01
   1.850731767400000E+01   6.589657201900000E-01   4.298641756200000E-01   4.994522213200000E-01   2.992001820600000E-04   2.622192381800000E-01
   1.849776034000000E+01   6.590759823000000E-01   4.300251896100000E-01   4.994590757400000E-01   3.441035548700000E-04   2.610835100900000E-01
   1.848823745400000E+01   6.591848383400000E-01   4.301841914100000E-01   4.994657743000000E-01   3.909648469300000E-04   2.599527246400000E-01
   1.847875180100000E+01   6.592922884000000E-01   4.303411788000000E-01   4.994723194600000E-01   4.398431773900000E-04   2.588271903800000E-01
   1.846930631500000E+01   6.593983311900000E-01   4.304961474700000E-01   4.994787135700000E-01   4.907963832000000E-04   2.577072329000000E-01
   1.845990407200000E+01   6.595029640200000E-01   4.306490910000000E-01   4.994849589000000E-01   5.438806153600000E-04   2.565931942400000E-01
   1.845054828100000E+01   6.596061826300000E-01   4.308000006400000E-01   4.994910576100000E-01   5.991498984200000E-04   2.554854318600000E-01
   1.844124227400000E+01   6.597079819200000E-01   4.309488663600000E-01   4.994970118000000E-01   6.566557614000000E-04   2.543843175600000E-01
   1.843198949800000E+01   6.598083555499999E-01   4.310956762400000E-01   4.995028235000000E-01   7.164467506800000E-04   2.532902357600000E-01
   1.842279349000000E+01   6.599072965500000E-01   4.312404173900000E-01   4.995084947000000E-01   7.785680514700000E-04   2.522035817400000E-01
   1.841365786600000E+01   6.600047971800000E-01   4.313830757500000E-01   4.995140273400000E-01   8.430610321100000E-04   2.511247593100000E-01
   1.840458629700000E+01   6.601008495400000E-01   4.315236369600000E-01   4.995194233300000E-01   9.099628983200000E-04   2.500541784000000E-01
   1.839558248400000E+01   6.601954455100000E-01   4.316620862800000E-01   4.995246845700000E-01   9.793062951600001E-04   2.489922520600000E-01
   1.838665013200000E+01   6.602885772200000E-01   4.317984093500000E-01   4.995298129700000E-01   1.051119020200000E-03   2.479393934700000E-01
   1.837779292100000E+01   6.603802369900000E-01   4.319325919600000E-01   4.995348104300000E-01   1.125423707500000E-03   2.468960124200000E-01
   1.836901447500000E+01   6.604704181900000E-01   4.320646214700000E-01   4.995396789100000E-01   1.202237705300000E-03   2.458625120900000E-01
   1.836031833500000E+01   6.605591148500000E-01   4.321944861600000E-01   4.995444203600000E-01   1.281572850700000E-03   2.448392851300000E-01
   1.835170792000000E+01   6.606463222600000E-01   4.323221761400000E-01   4.995490368100000E-01   1.363435449900000E-03   2.438267101500000E-01
   1.834318650600000E+01   6.607320373000000E-01   4.324476838400000E-01   4.995535303200000E-01   1.447826304000000E-03   2.428251482600000E-01
   1.833475718700000E+01   6.608162585100000E-01   4.325710041100000E-01   4.995579030300000E-01   1.534740784700000E-03   2.418349394800000E-01
   1.832642285300000E+01   6.608989861500000E-01   4.326921343600000E-01   4.995621571300000E-01   1.624168992000000E-03   2.408563995200000E-01
   1.831818615900000E+01   6.609802227200000E-01   4.328110752500000E-01   4.995662948800000E-01   1.716096040200000E-03   2.398898169800000E-01
   1.831004950900000E+01   6.610599728100000E-01   4.329278305900000E-01   4.995703186100000E-01   1.810502351800000E-03   2.389354507100000E-01
   1.830201503400000E+01   6.611382433000000E-01   4.330424075100000E-01   4.995742307300000E-01   1.907364038000000E-03   2.379935276900000E-01
   1.829408457500000E+01   6.612150435600000E-01   4.331548169100000E-01   4.995780337100000E-01   2.006653367000000E-03   2.370642414800000E-01
   1.828625967600000E+01   6.612903851200000E-01   4.332650728200000E-01   4.995817300800000E-01   2.108339172600000E-03   2.361477507600000E-01
   1.827854157400000E+01   6.613642819400000E-01   4.333731929700000E-01   4.995853224200000E-01   2.212387412900000E-03   2.352441789000000E-01
   1.827093119900000E+01   6.614367504000001E-01   4.334791986400000E-01   4.995888133900000E-01   2.318761695100000E-03   2.343536137300000E-01
   1.826342917600000E+01   6.615078089799999E-01   4.335831142800000E-01   4.995922056700000E-01   2.427423769100000E-03   2.334761077000000E-01
   1.825603582900000E+01   6.615774782800000E-01   4.336849675000000E-01   4.995955019800000E-01   2.538334076400000E-03   2.326116786400000E-01
   1.824875119000000E+01   6.616457809600000E-01   4.337847889900000E-01   4.995987050700000E-01   2.651452275800000E-03   2.317603109400000E-01
   1.824157501200000E+01   6.617127414000000E-01   4.338826120600000E-01   4.996018176900000E-01   2.766737700300000E-03   2.309219568000000E-01
   1.823450678200000E+01   6.617783857100000E-01   4.339784726200000E-01   4.996048426200000E-01   2.884149857800000E-03   2.300965382300000E-01
   1.822754574200000E+01   6.618427414700000E-01   4.340724088000000E-01   4.996077826200000E-01   3.003648837000000E-03   2.292839488000000E-01
   1.822069089600000E+01   6.619058374600000E-01   4.341644605100000E-01   4.996106404500000E-01   3.125195683400000E-03   2.284840556900000E-01
   1.821394104400000E+01   6.619677036800000E-01   4.342546695700000E-01   4.996134188300000E-01   3.248752793000000E-03   2.276967022400000E-01
   1.820729478900000E+01   6.620283710000000E-01   4.343430791300000E-01   4.996161204700000E-01   3.374284189200000E-03   2.269217100000000E-01
   1.820075056300000E+01   6.620878709800000E-01   4.344297333600000E-01   4.996187480200000E-01   3.501755788500000E-03   2.261588810400000E-01
   1.819430664400000E+01   6.621462357800000E-01   4.345146774100000E-01   4.996213041200000E-01   3.631135645400000E-03   2.254080003400000E-01
   1.818796117800000E+01   6.622034980300000E-01   4.345979571300000E-01   4.996237913200000E-01   3.762394154900000E-03   2.246688381200000E-01
   1.818171219500000E+01   6.622596905000000E-01   4.346796186200000E-01   4.996262121500000E-01   3.895504164200000E-03   2.239411516700000E-01
   1.817555762800000E+01   6.623148461000000E-01   4.347597082200000E-01   4.996285690600000E-01   4.030441137500000E-03   2.232246876700000E-01
   1.816949532800000E+01   6.623689977800000E-01   4.348382723500000E-01   4.996308644400000E-01   4.167183241700000E-03   2.225191840500000E-01
   1.816352308100000E+01   6.624221783499999E-01   4.349153572600000E-01   4.996331006200000E-01   4.305711416700000E-03   2.218243717700000E-01
   1.815763862100000E+01   6.624744202900000E-01   4.349910087200000E-01   4.996352798600000E-01   4.446009395300000E-03   2.211399762700000E-01
   1.815183964400000E+01   6.625257559000000E-01   4.350652722000000E-01   4.996374043500000E-01   4.588063777300000E-03   2.204657192800000E-01
   1.814612382000000E+01   6.625762169700000E-01   4.351381925100000E-01   4.996394762000000E-01   4.731864001500000E-03   2.198013199300000E-01
   1.814048880300000E+01   6.626258350100001E-01   4.352098139700000E-01   4.996414974700000E-01   4.877402389400000E-03   2.191464963000000E-01
   1.813493223900000E+01   6.626746407700000E-01   4.352801798000000E-01   4.996434701300000E-01   5.024674061100000E-03   2.185009658300000E-01
   1.812945177800000E+01   6.627226646600000E-01   4.353493327100000E-01   4.996453960900000E-01   5.173676993600000E-03   2.178644470700000E-01
   1.812404507700000E+01   6.627699363800000E-01   4.354173143200000E-01   4.996472771800000E-01   5.324411941000000E-03   2.172366599300000E-01
   1.811870981100000E+01   6.628164851000000E-01   4.354841654700000E-01   4.996491151800000E-01   5.476882429700000E-03   2.166173267600000E-01
   1.811344367400000E+01   6.628623392700000E-01   4.355499258900000E-01   4.996509117800000E-01   5.631094711900000E-03   2.160061725800000E-01
   1.810824438600000E+01   6.629075267200000E-01   4.356146343800000E-01   4.996526686300000E-01   5.787057726900000E-03   2.154029259500000E-01
   1.810310969800000E+01   6.629520747600000E-01   4.356783288800000E-01   4.996543872800000E-01   5.944783106900000E-03   2.148073194200000E-01
   1.809803739200000E+01   6.629960098400000E-01   4.357410460600000E-01   4.996560692600000E-01   6.104285072100000E-03   2.142190894100000E-01
   1.809302528400000E+01   6.630393578600000E-01   4.358028217000000E-01   4.996577160200000E-01   6.265580454800000E-03   2.136379769100000E-01
   1.808807123000000E+01   6.630821441300000E-01   4.358636906700000E-01   4.996593289300000E-01   6.428688663300000E-03   2.130637277900000E-01
   1.808317312400000E+01   6.631243932899999E-01   4.359236867500000E-01   4.996609093500000E-01   6.593631645000000E-03   2.124960925500000E-01
   1.807832890000000E+01   6.631661292900000E-01   4.359828426700000E-01   4.996624585400000E-01   6.760433849000000E-03   2.119348266300000E-01
   1.807353653000000E+01   6.632073755500000E-01   4.360411902600000E-01   4.996639777400000E-01   6.929122241200000E-03   2.113796905000000E-01
   1.806879403100000E+01   6.632481550000000E-01   4.360987605400000E-01   4.996654681300000E-01   7.099726298500000E-03   2.108304499000000E-01
   1.806409945700000E+01   6.632884897500000E-01   4.361555832900000E-01   4.996669308400000E-01   7.272277926500000E-03   2.102868751700000E-01
   1.805945090700000E+01   6.633284016200000E-01   4.362116876600000E-01   4.996683669600000E-01   7.446811560600000E-03   2.097487420200000E-01
   1.805484651700000E+01   6.633679118000000E-01   4.362671018700000E-01   4.996697775100000E-01   7.623364105700000E-03   2.092158309900000E-01
   1.805028446600000E+01   6.634070410500000E-01   4.363218532800000E-01   4.996711635200000E-01   7.801974960300000E-03   2.086879275300000E-01
   1.804576296800000E+01   6.634458095300000E-01   4.363759683500000E-01   4.996725259200000E-01   7.982686012300001E-03   2.081648216900000E-01
   1.804128028000000E+01   6.634842370900000E-01   4.364294728700000E-01   4.996738656500000E-01   8.165541707600000E-03   2.076463083500000E-01
   1.803683469400000E+01   6.635223431000000E-01   4.364823918200000E-01   4.996751835800000E-01   8.350589024200000E-03   2.071321868800000E-01
   1.803242453700000E+01   6.635601464799999E-01   4.365347493800000E-01   4.996764805700000E-01   8.537877521600000E-03   2.066222609500000E-01
   1.802804817400000E+01   6.635976659000000E-01   4.365865691700000E-01   4.996777574200000E-01   8.727459412100000E-03   2.061163386300000E-01
   1.802370400000000E+01   6.636349195700000E-01   4.366378739800000E-01   4.996790149300000E-01   8.919389547899999E-03   2.056142319700000E-01
   1.801939044800000E+01   6.636719254600000E-01   4.366886861000000E-01   4.996802538500000E-01   9.113725522300000E-03   2.051157570800000E-01
   1.801510597800000E+01   6.637087012300000E-01   4.367390271200000E-01   4.996814749000000E-01   9.310527706200000E-03   2.046207338100000E-01
   1.801084908200000E+01   6.637452642500000E-01   4.367889180400000E-01   4.996826787800000E-01   9.509859307600000E-03   2.041289856300000E-01
   1.800661827900000E+01   6.637816316200000E-01   4.368383792600000E-01   4.996838661500000E-01   9.711786450500000E-03   2.036403394000000E-01
   1.800241211700000E+01   6.638178203200000E-01   4.368874307500000E-01   4.996850376700000E-01   9.916378263799999E-03   2.031546254700000E-01
   1.799822916900000E+01   6.638538470399999E-01   4.369360918600000E-01   4.996861939500000E-01   1.012370695700000E-02   2.026716771200000E-01
   1.799406803300000E+01   6.638897284400000E-01   4.369843815900000E-01   4.996873356000000E-01   1.033384792000000E-02   2.021913308700000E-01
   1.798992732900000E+01   6.639254808600000E-01   4.370323182600000E-01   4.996884632000000E-01   1.054687979300000E-02   2.017134256600000E-01
   1.798580570100000E+01   6.639611206400000E-01   4.370799199100000E-01   4.996895772900000E-01   1.076288463100000E-02   2.012378033200000E-01
   1.798170181000000E+01   6.639966640700000E-01   4.371272041600000E-01   4.996906784300000E-01   1.098194799200000E-02   2.007643081800000E-01
   1.797761434000000E+01   6.640321273599999E-01   4.371741882400000E-01   4.996917671200000E-01   1.120415906300000E-02   2.002927868600000E-01
   1.797354199000000E+01   6.640675266200000E-01   4.372208889000000E-01   4.996928438800000E-01   1.142961078100000E-02   1.998230879700000E-01
   1.796948347500000E+01   6.641028780700000E-01   4.372673227000000E-01   4.996939091800000E-01   1.165840002800000E-02   1.993550623500000E-01
   1.796543752600000E+01   6.641381978300001E-01   4.373135056700000E-01   4.996949635000000E-01   1.189062771200000E-02   1.988885624000000E-01
   1.796140288900000E+01   6.641735022200000E-01   4.373594537700000E-01   4.996960072900000E-01   1.212639902000000E-02   1.984234424800000E-01
   1.795737831900000E+01   6.642088075800000E-01   4.374051825200000E-01   4.996970410000000E-01   1.236582351900000E-02   1.979595583300000E-01
   1.795336258500000E+01   6.642441303200000E-01   4.374507071600000E-01   4.996980650400000E-01   1.260901537200000E-02   1.974967670100000E-01
   1.794935446300000E+01   6.642794870900000E-01   4.374960427600000E-01   4.996990798400000E-01   1.285609355700000E-02   1.970349268900000E-01
   1.794535274100000E+01   6.643148946900000E-01   4.375412041700000E-01   4.997000857900000E-01   1.310718204700000E-02   1.965738974400000E-01
   1.794135621100000E+01   6.643503701000000E-01   4.375862059300000E-01   4.997010832900000E-01   1.336241005300000E-02   1.961135389200000E-01
   1.793736367000000E+01   6.643859305399999E-01   4.376310623500000E-01   4.997020727100000E-01   1.362191223600000E-02   1.956537123000000E-01
   1.793337392500000E+01   6.644215936700000E-01   4.376757878700000E-01   4.997030544200000E-01   1.388582904500000E-02   1.951942796100000E-01
   1.792938577900000E+01   6.644573771800000E-01   4.377203962500000E-01   4.997040287900000E-01   1.415430683400000E-02   1.947351025700000E-01
   1.792539804300000E+01   6.644932994300000E-01   4.377649016200000E-01   4.997049961600000E-01   1.442749832800000E-02   1.942760440400000E-01
   1.792140952800000E+01   6.645293790100000E-01   4.378093177000000E-01   4.997059568700000E-01   1.470556279100000E-02   1.938169666200000E-01
   1.791741903900000E+01   6.645656349400000E-01   4.378536580500000E-01   4.997069112600000E-01   1.498866638700000E-02   1.933577328900000E-01
   1.791342538700000E+01   6.646020868400000E-01   4.378979363400000E-01   4.997078596400000E-01   1.527698256400000E-02   1.928982056000000E-01
   1.790942737600000E+01   6.646387548100000E-01   4.379421660600000E-01   4.997088023300000E-01   1.557069237000000E-02   1.924382471500000E-01
   1.790542380400000E+01   6.646756594300000E-01   4.379863604300000E-01   4.997097396500000E-01   1.586998479900000E-02   1.919777192400000E-01
   1.790141346900000E+01   6.647128221600000E-01   4.380305330100000E-01   4.997106719000000E-01   1.617505734000000E-02   1.915164835700000E-01
   1.789739515700000E+01   6.647502648700000E-01   4.380746969200000E-01   4.997115993600000E-01   1.648611622300000E-02   1.910544006200000E-01
   1.789336765000000E+01   6.647880104800000E-01   4.381188656200000E-01   4.997125223400000E-01   1.680337704500000E-02   1.905913305700000E-01
   1.788932971700000E+01   6.648260824500000E-01   4.381630522000000E-01   4.997134411200000E-01   1.712706512500000E-02   1.901271321000000E-01
   1.788528012000000E+01   6.648645052500000E-01   4.382072699200000E-01   4.997143559600000E-01   1.745741609600000E-02   1.896616630100000E-01
   1.788121760700000E+01   6.649033044000000E-01   4.382515321900000E-01   4.997152671600000E-01   1.779467646400000E-02   1.891947800600000E-01
   1.787714091500000E+01   6.649425062700000E-01   4.382958521600000E-01   4.997161749700000E-01   1.813910408800000E-02   1.887263381900000E-01
   1.787304876400000E+01   6.649821384600000E-01   4.383402432400000E-01   4.997170796600000E-01   1.849096892400000E-02   1.882561911000000E-01
   1.786893986200000E+01   6.650222297500000E-01   4.383847187900000E-01   4.997179814900000E-01   1.885055357200000E-02   1.877841906500000E-01
   1.786481289700000E+01   6.650628101800000E-01   4.384292922500000E-01   4.997188807200000E-01   1.921815401700000E-02   1.873101868800000E-01
   1.786066654100000E+01   6.651039112000000E-01   4.384739771000000E-01   4.997197775900000E-01   1.959408034700000E-02   1.868340278200000E-01
   1.785649944500000E+01   6.651455657999999E-01   4.385187870100000E-01   4.997206723500000E-01   1.997865757600000E-02   1.863555594500000E-01
   1.785231024000000E+01   6.651878085000000E-01   4.385637356000000E-01   4.997215652600000E-01   2.037222634400000E-02   1.858746253700000E-01
   1.784809753600000E+01   6.652306756500000E-01   4.386088367200000E-01   4.997224565400000E-01   2.077514393700000E-02   1.853910668200000E-01
   1.784385991900000E+01   6.652742054800000E-01   4.386541043400000E-01   4.997233464500000E-01   2.118778513600000E-02   1.849047225700000E-01
   1.783959595000000E+01   6.653184381000000E-01   4.386995523700000E-01   4.997242352000000E-01   2.161054313700000E-02   1.844154284000000E-01
   1.783530416600000E+01   6.653634159700000E-01   4.387451951300000E-01   4.997251230400000E-01   2.204383073200000E-02   1.839230175800000E-01
   1.783098307800000E+01   6.654091838500000E-01   4.387910469600000E-01   4.997260101800000E-01   2.248808128800000E-02   1.834273203300000E-01
   1.782663116400000E+01   6.654557889000000E-01   4.388371222600000E-01   4.997268968700000E-01   2.294374989200000E-02   1.829281635500000E-01
   1.782224687900000E+01   6.655032812100000E-01   4.388834358100000E-01   4.997277833100000E-01   2.341131472100000E-02   1.824253712500000E-01
   1.781782864400000E+01   6.655517136300000E-01   4.389300023700000E-01   4.997286697400000E-01   2.389127812200000E-02   1.819187638400000E-01
   1.781337485000000E+01   6.656011422000000E-01   4.389768369100000E-01   4.997295563700000E-01   2.438416812500000E-02   1.814081583000000E-01
   1.780888385800000E+01   6.656516265000000E-01   4.390239547300000E-01   4.997304434000000E-01   2.489053988300000E-02   1.808933682900000E-01
   1.780435399300000E+01   6.657032296600000E-01   4.390713711600000E-01   4.997313310600000E-01   2.541097707500000E-02   1.803742035700000E-01
   1.779978354800000E+01   6.657560187700000E-01   4.391191017100000E-01   4.997322195600000E-01   2.594609355100000E-02   1.798504702200000E-01
   1.779517078200000E+01   6.658100653500000E-01   4.391671622800000E-01   4.997331090900000E-01   2.649653508000000E-02   1.793219707400000E-01
   1.779051391700000E+01   6.658654453400000E-01   4.392155686400000E-01   4.997339998700000E-01   2.706298091500000E-02   1.787885034300000E-01
   1.778581114700000E+01   6.659222399100000E-01   4.392643371100000E-01   4.997348920800000E-01   2.764614581700000E-02   1.782498632100000E-01
   1.778106062100000E+01   6.659805353600000E-01   4.393134838200000E-01   4.997357859300000E-01   2.824678174400000E-02   1.777058406400000E-01
   1.777626046400000E+01   6.660404241100000E-01   4.393630254400000E-01   4.997366816000000E-01   2.886568012000000E-02   1.771562230000000E-01
   1.777140875800000E+01   6.661020046100000E-01   4.394129784700000E-01   4.997375792900000E-01   2.950367353200000E-02   1.766007933100000E-01
   1.776650355800000E+01   6.661653822800000E-01   4.394633597600000E-01   4.997384791700000E-01   3.016163814800000E-02   1.760393312400000E-01
   1.776154288300000E+01   6.662306698000000E-01   4.395141861900000E-01   4.997393814200000E-01   3.084049573600000E-02   1.754716128000000E-01
   1.775652472300000E+01   6.662979879000001E-01   4.395654748800000E-01   4.997402862100000E-01   3.154121601800000E-02   1.748974108100000E-01
   1.775144704000000E+01   6.663674657699999E-01   4.396172428600000E-01   4.997411937100000E-01   3.226481879800000E-02   1.743164947900000E-01
   1.774630776800000E+01   6.664392419500000E-01   4.396695072800000E-01   4.997421040700000E-01   3.301237634100000E-02   1.737286316100000E-01
   1.774110482200000E+01   6.665134650000000E-01   4.397222853700000E-01   4.997430174400000E-01   3.378501574800000E-02   1.731335857200000E-01
   1.773583609400000E+01   6.665902942400000E-01   4.397755941900000E-01   4.997439339700000E-01   3.458392108200000E-02   1.725311194300000E-01
   1.773049946400000E+01   6.666699007800000E-01   4.398294508600000E-01   4.997448537800000E-01   3.541033582400000E-02   1.719209938100000E-01
   1.772509280100000E+01   6.667524681600000E-01   4.398838721700000E-01   4.997457769800000E-01   3.626556477700000E-02   1.713029687800000E-01
   1.771961397400000E+01   6.668381936900000E-01   4.399388749000000E-01   4.997467037000000E-01   3.715097645100000E-02   1.706768044000000E-01
   1.771406085300000E+01   6.669272892500000E-01   4.399944754700000E-01   4.997476340300000E-01   3.806800470600000E-02   1.700422613200000E-01
   1.770843132400000E+01   6.670199824400000E-01   4.400506898500000E-01   4.997485680400000E-01   3.901815051500000E-02   1.693991016800000E-01
   1.770272329000000E+01   6.671165178600000E-01   4.401075336200000E-01   4.997495058100000E-01   4.000298348500000E-02   1.687470903500000E-01
   1.769693469100000E+01   6.672171583900000E-01   4.401650218900000E-01   4.997504473700000E-01   4.102414294800000E-02   1.680859962400000E-01
   1.769106350700000E+01   6.673221863100000E-01   4.402231688500000E-01   4.997513927700000E-01   4.208333841300000E-02   1.674155930900000E-01
   1.768510777700000E+01   6.674319050000000E-01   4.402819881700000E-01   4.997523420000000E-01   4.318235022100000E-02   1.667356616400000E-01
   1.767906560800000E+01   6.675466400600000E-01   4.403414923300000E-01   4.997532950500000E-01   4.432302869500000E-02   1.660459906100000E-01
   1.767293519600000E+01   6.676667411500000E-01   4.404016929800000E-01   4.997542519000000E-01   4.550729358700000E-02   1.653463789700000E-01
   1.766671483700000E+01   6.677925832100000E-01   4.404626003500000E-01   4.997552124600000E-01   4.673713186300000E-02   1.646366374000000E-01
   1.766040295000000E+01   6.679245682000000E-01   4.405242233300000E-01   4.997561766600000E-01   4.801459523600000E-02   1.639165905600000E-01
   1.765399809200000E+01   6.680631267000000E-01   4.405865692600000E-01   4.997571443800000E-01   4.934179657200000E-02   1.631860792000000E-01
   1.764749897900000E+01   6.682087194300000E-01   4.406496437600000E-01   4.997581154500000E-01   5.072090507700000E-02   1.624449623500000E-01
   1.764090450600000E+01   6.683618387600000E-01   4.407134504600000E-01   4.997590897100000E-01   5.215414033100000E-02   1.616931196100000E-01
   1.763421377100000E+01   6.685230104800000E-01   4.407779911200000E-01   4.997600669300000E-01   5.364376557800000E-02   1.609304538000000E-01
   1.762742609200000E+01   6.686927947900000E-01   4.408432650100000E-01   4.997610468600000E-01   5.519207854200000E-02   1.601568928400000E-01
   1.762054102900000E+01   6.688717879000000E-01   4.409092690400000E-01   4.997620292200000E-01   5.680140204300000E-02   1.593723924200000E-01
   1.761355840500000E+01   6.690606232100000E-01   4.409759976400000E-01   4.997630136800000E-01   5.847407276900000E-02   1.585769383100000E-01
   1.760647832400000E+01   6.692599720600000E-01   4.410434424200000E-01   4.997639998800000E-01   6.021242831300000E-02   1.577705482100000E-01
   1.759930119000000E+01   6.694705446900000E-01   4.411115922500000E-01   4.997649874200000E-01   6.201879347300000E-02   1.569532739000000E-01
   1.759202771600000E+01   6.696930904500000E-01   4.411804329100000E-01   4.997659758700000E-01   6.389546449200000E-02   1.561252026400000E-01
   1.758465894500000E+01   6.699283982899999E-01   4.412499474300000E-01   4.997669647600000E-01   6.584469355399999E-02   1.552864587900000E-01
   1.757719624800000E+01   6.701772962200000E-01   4.413201156700000E-01   4.997679535900000E-01   6.786867045200000E-02   1.544372044200000E-01
   1.756964133700000E+01   6.704406509000000E-01   4.413909145800000E-01   4.997689418400000E-01   6.996950528199999E-02   1.535776399600000E-01
   1.756199626200000E+01   6.707193665600000E-01   4.414623181600000E-01   4.997699289500000E-01   7.214920957900001E-02   1.527080040700000E-01
   1.755426340400000E+01   6.710143834900000E-01   4.415342975400000E-01   4.997709143200000E-01   7.440967771900001E-02   1.518285730500000E-01
   1.754644546700000E+01   6.713266761500000E-01   4.416068212200000E-01   4.997718973700000E-01   7.675266870200000E-02   1.509396596900000E-01
   1.753854546500000E+01   6.716572506300000E-01   4.416798551300000E-01   4.997728774800000E-01   7.917978805500001E-02   1.500416115400000E-01
   1.753056669700000E+01   6.720071419500000E-01   4.417533630800000E-01   4.997738540200000E-01   8.169247138700000E-02   1.491348086500000E-01
   1.752251272800000E+01   6.723774103100000E-01   4.418273067300000E-01   4.997748263600000E-01   8.429196797000001E-02   1.482196605300000E-01
   1.751438735700000E+01   6.727691376100000E-01   4.419016462500000E-01   4.997757938600000E-01   8.697932764600000E-02   1.472966030900000E-01
   1.750619458300000E+01   6.731834229300000E-01   4.419763404000000E-01   4.997767559100000E-01   8.975538808100000E-02   1.463660945900000E-01
   1.749793857100000E+01   6.736213778200000E-01   4.420513469200000E-01   4.997777118800000E-01   9.262076466600000E-02   1.454286116500000E-01
   1.748962361200000E+01   6.740841214500000E-01   4.421266230300000E-01   4.997786611900000E-01   9.557584326400000E-02   1.444846448200000E-01
   1.748125408300000E+01   6.745727752300000E-01   4.422021257700000E-01   4.997796032500000E-01   9.862077479900000E-02   1.435346940500000E-01
   1.747283440700000E+01   6.750884571400000E-01   4.422778122300000E-01   4.997805375200000E-01   1.017554720400000E-01   1.425792640000000E-01
   1.746436901500000E+01   6.756322762800000E-01   4.423536401900000E-01   4.997814634700000E-01   1.049796100500000E-01   1.416188595800000E-01
   1.745586230100000E+01   6.762053266800000E-01   4.424295681700000E-01   4.997823806200000E-01   1.082926270000000E-01   1.406539813300000E-01
   1.744731859000000E+01   6.768086817700000E-01   4.425055559700000E-01   4.997832885200000E-01   1.116937293300000E-01   1.396851213600000E-01
   1.743874210000000E+01   6.774433882599999E-01   4.425815648400000E-01   4.997841867500000E-01   1.151818971400000E-01   1.387127593000000E-01
   1.743013691400000E+01   6.781104606900000E-01   4.426575579200000E-01   4.997850749600000E-01   1.187558931800000E-01   1.377373588500000E-01
   1.742150694400000E+01   6.788108750300000E-01   4.427334999700000E-01   4.997859528100000E-01   1.224142697500000E-01   1.367593643500000E-01
   1.741285591800000E+01   6.795455643400000E-01   4.428093583600000E-01   4.997868200100000E-01   1.261553831800000E-01   1.357791984100000E-01
   1.740418735000000E+01   6.803154125400001E-01   4.428851025200000E-01   4.997876763200000E-01   1.299774022700000E-01   1.347972593400000E-01
   1.739550452700000E+01   6.811212496800000E-01   4.429607042500000E-01   4.997885215500000E-01   1.338783215600000E-01   1.338139193400000E-01
   1.738681049800000E+01   6.819638472400000E-01   4.430361378500000E-01   4.997893555200000E-01   1.378559741300000E-01   1.328295231600000E-01
   1.737810806100000E+01   6.828439139400000E-01   4.431113802600000E-01   4.997901781200000E-01   1.419080453800000E-01   1.318443871700000E-01
   1.736939976100000E+01   6.837620910600000E-01   4.431864107200000E-01   4.997909892600000E-01   1.460320840700000E-01   1.308587986200000E-01
   1.736068788600000E+01   6.847189493200000E-01   4.432612111500000E-01   4.997917888900000E-01   1.502255171700000E-01   1.298730155700000E-01
   1.735197447000000E+01   6.857149848700000E-01   4.433357657300000E-01   4.997925769900000E-01   1.544856604500000E-01   1.288872668800000E-01
   1.734326129200000E+01   6.867506167900000E-01   4.434100611900000E-01   4.997933535800000E-01   1.588097321200000E-01   1.279017527400000E-01
   1.733454988500000E+01   6.878261839100001E-01   4.434840864400000E-01   4.997941187000000E-01   1.631948628400000E-01   1.269166452000000E-01
   1.732584154200000E+01   6.889419425100000E-01   4.435578325500000E-01   4.997948724000000E-01   1.676381067800000E-01   1.259320890500000E-01
   1.731713732500000E+01   6.900980643600000E-01   4.436312926800000E-01   4.997956148000000E-01   1.721364517200000E-01   1.249482029100000E-01
   1.730843807600000E+01   6.912946350200000E-01   4.437044619700000E-01   4.997963459900000E-01   1.766868285300000E-01   1.239650803500000E-01
   1.729974442600000E+01   6.925316522400000E-01   4.437773373400000E-01   4.997970661000000E-01   1.812861189900000E-01   1.229827912200000E-01
   1.729105681100000E+01   6.938090250300000E-01   4.438499174600000E-01   4.997977752800000E-01   1.859311641700000E-01   1.220013830400000E-01
   1.728237547900000E+01   6.951265726400000E-01   4.439222025300000E-01   4.997984736800000E-01   1.906187708100000E-01   1.210208824000000E-01
   1.727370050700000E+01   6.964840236500000E-01   4.439941940400000E-01   4.997991614800000E-01   1.953457167000000E-01   1.200412963900000E-01
   1.726503181400000E+01   6.978810166300000E-01   4.440658950400000E-01   4.997998388600000E-01   2.001087587000000E-01   1.190626142700000E-01
   1.725636917200000E+01   6.993170988500000E-01   4.441373095100000E-01   4.998005060000000E-01   2.049046345100000E-01   1.180848088100000E-01
   1.724771222100000E+01   7.007917271100000E-01   4.442084425600000E-01   4.998011631000000E-01   2.097300687000000E-01   1.171078378700000E-01
   1.723906048300000E+01   7.023042678400000E-01   4.442793002000000E-01   4.998018103400000E-01   2.145817755900000E-01   1.161316459200000E-01
   1.723041337000000E+01   7.038539976500000E-01   4.443498892100000E-01   4.998024479500000E-01   2.194564626300000E-01   1.151561654600000E-01
   1.722177020400000E+01   7.054401039100000E-01   4.444202170300000E-01   4.998030761000000E-01   2.243508324600000E-01   1.141813185500000E-01
   1.721313022600000E+01   7.070616863400000E-01   4.444902918100000E-01   4.998036950200000E-01   2.292615868800000E-01   1.132070182400000E-01
   1.720449260700000E+01   7.087177566800000E-01   4.445601219100000E-01   4.998043048900000E-01   2.341854253800000E-01   1.122331698800000E-01
   1.719585646200000E+01   7.104072414600000E-01   4.446297162200000E-01   4.998049059300000E-01   2.391190502200000E-01   1.112596726500000E-01
   1.718722086400000E+01   7.121289823000000E-01   4.446990837800000E-01   4.998054983200000E-01   2.440591653000000E-01   1.102864207900000E-01
   1.717858485100000E+01   7.138817378600000E-01   4.447682337100000E-01   4.998060822600000E-01   2.490024780300000E-01   1.093133050000000E-01
   1.716994744300000E+01   7.156641865600000E-01   4.448371755000000E-01   4.998066579300000E-01   2.539457026800000E-01   1.083402138800000E-01
   1.716130764800000E+01   7.174749263500000E-01   4.449059181500000E-01   4.998072255300000E-01   2.588855562500000E-01   1.073670349100000E-01
   1.715266447900000E+01   7.193124787900000E-01   4.449744707500000E-01   4.998077852400000E-01   2.638187641800000E-01   1.063936560600000E-01
   1.714401696300000E+01   7.211752910000000E-01   4.450428422500000E-01   4.998083372100000E-01   2.687420602900000E-01   1.054199669500000E-01
   1.713536415000000E+01   7.230617376900000E-01   4.451110412100000E-01   4.998088816200000E-01   2.736521868400000E-01   1.044458600900000E-01
   1.712670512800000E+01   7.249701239800000E-01   4.451790757000000E-01   4.998094186300000E-01   2.785458961600000E-01   1.034712321400000E-01
   1.711803903200000E+01   7.268986888100000E-01   4.452469534200000E-01   4.998099483900000E-01   2.834199529900000E-01   1.024959852000000E-01
   1.710936505600000E+01   7.288456085900000E-01   4.453146816400000E-01   4.998104710400000E-01   2.882711371600000E-01   1.015200281600000E-01
   1.710068246300000E+01   7.308089990200000E-01   4.453822666600000E-01   4.998109867100000E-01   2.930962421300000E-01   1.005432777300000E-01
   1.709199060000000E+01   7.327869212400000E-01   4.454497144100000E-01   4.998114955400000E-01   2.978920824700000E-01   9.956565995300000E-02
   1.708328890400000E+01   7.347773840700000E-01   4.455170298000000E-01   4.998119976300000E-01   3.026554927900000E-01   9.858711128300000E-02
   1.707457691800000E+01   7.367783499600000E-01   4.455842171000000E-01   4.998124931100000E-01   3.073833342400000E-01   9.760757999300000E-02
   1.706585430000000E+01   7.387877385000000E-01   4.456512794500000E-01   4.998129820600000E-01   3.120724958100000E-01   9.662702727500000E-02
   1.705712083200000E+01   7.408034322700000E-01   4.457182190400000E-01   4.998134645900000E-01   3.167199000600000E-01   9.564542856400000E-02
   1.704837643600000E+01   7.428232824300000E-01   4.457850370400000E-01   4.998139407700000E-01   3.213225082100000E-01   9.466277477800000E-02
   1.703962118200000E+01   7.448451142400000E-01   4.458517333900000E-01   4.998144106800000E-01   3.258773249600000E-01   9.367907347100000E-02
   1.703085529800000E+01   7.468667337900000E-01   4.459183069400000E-01   4.998148743800000E-01   3.303814052400000E-01   9.269435005000000E-02
   1.702207917900000E+01   7.488859338400000E-01   4.459847551100000E-01   4.998153319300000E-01   3.348318594300000E-01   9.170864881099999E-02
   1.701329340300000E+01   7.509005023500001E-01   4.460510742700000E-01   4.998157833700000E-01   3.392258632200000E-01   9.072203417400000E-02
   1.700449873100000E+01   7.529082276000000E-01   4.461172590800000E-01   4.998162287400000E-01   3.435606610700000E-01   8.973459141900000E-02
   1.699569612300000E+01   7.549069086500000E-01   4.461833032100000E-01   4.998166680700000E-01   3.478335794200000E-01   8.874642790400000E-02
   1.698688674000000E+01   7.568943603600000E-01   4.462491984800000E-01   4.998171013900000E-01   3.520420298300000E-01   8.775767351800000E-02
   1.697807195100000E+01   7.588684243600000E-01   4.463149355600000E-01   4.998175287000000E-01   3.561835226200000E-01   8.676848165900000E-02
   1.696925334300000E+01   7.608269756400000E-01   4.463805034500000E-01   4.998179500200000E-01   3.602556728700000E-01   8.577902953700001E-02
   1.696043271500000E+01   7.627679324800000E-01   4.464458898400000E-01   4.998183653400000E-01   3.642562119200000E-01   8.478951866400000E-02
   1.695161208900000E+01   7.646892641000000E-01   4.465110807700000E-01   4.998187746600000E-01   3.681829950800000E-01   8.380017488700001E-02
   1.694279370400000E+01   7.665890005600000E-01   4.465760609900000E-01   4.998191779700000E-01   3.720340130600000E-01   8.281124846600001E-02
   1.693398001300000E+01   7.684652409300000E-01   4.466408138100000E-01   4.998195752400000E-01   3.758074003700000E-01   8.182301370300001E-02
   1.692517368300000E+01   7.703161618100000E-01   4.467053211800000E-01   4.998199664500000E-01   3.795014444200000E-01   8.083576840600000E-02
   1.691637758500000E+01   7.721400260200000E-01   4.467695637700000E-01   4.998203515800000E-01   3.831145948900000E-01   7.984983310300001E-02
   1.690759478400000E+01   7.739351902500000E-01   4.468335210300000E-01   4.998207306000000E-01   3.866454712800000E-01   7.886554988800000E-02
   1.689882852600000E+01   7.757001131600000E-01   4.468971713900000E-01   4.998211034800000E-01   3.900928713500000E-01   7.788328110700000E-02
   1.689008222500000E+01   7.774333620800000E-01   4.469604923300000E-01   4.998214701900000E-01   3.934557773200000E-01   7.690340762900000E-02
   1.688135944700000E+01   7.791336191800000E-01   4.470234604200000E-01   4.998218306900000E-01   3.967333612600000E-01   7.592632681000000E-02
   1.687266388500000E+01   7.807996875900000E-01   4.470860516500000E-01   4.998221849600000E-01   3.999249904500000E-01   7.495245030800000E-02
   1.686399933800000E+01   7.824304959000000E-01   4.471482415200000E-01   4.998225329500000E-01   4.030302303500000E-01   7.398220150600000E-02
   1.685536969000000E+01   7.840251015400000E-01   4.472100051100000E-01   4.998228746600000E-01   4.060488457600000E-01   7.301601263800001E-02
   1.684677887700000E+01   7.855826946400000E-01   4.472713175900000E-01   4.998232100500000E-01   4.089808030600000E-01   7.205432198500000E-02
   1.683823086400000E+01   7.871025981799999E-01   4.473321539400000E-01   4.998235391000000E-01   4.118262666200000E-01   7.109757042200000E-02
   1.682972961100000E+01   7.885842701300000E-01   4.473924896600000E-01   4.998238618000000E-01   4.145855984900000E-01   7.014619840100000E-02
   1.682127904600000E+01   7.900273018200000E-01   4.474523006200000E-01   4.998241781500000E-01   4.172593524700000E-01   6.920064236500000E-02
   1.681288303500000E+01   7.914314165500000E-01   4.475115634000000E-01   4.998244881400000E-01   4.198482687700000E-01   6.826133143300001E-02
   1.680454534700000E+01   7.927964669300001E-01   4.475702555200000E-01   4.998247917800000E-01   4.223532666800000E-01   6.732868407800000E-02
   1.679626963200000E+01   7.941224306000000E-01   4.476283555200000E-01   4.998250890800000E-01   4.247754353000000E-01   6.640310480900000E-02
   1.678805938700000E+01   7.954094056200000E-01   4.476858432500000E-01   4.998253800700000E-01   4.271160237500000E-01   6.548498116500000E-02
   1.677991793300000E+01   7.966576045700000E-01   4.477426999800000E-01   4.998256647900000E-01   4.293764296700000E-01   6.457468081800000E-02
   1.677184839300000E+01   7.978673476300000E-01   4.477989084700000E-01   4.998259432700000E-01   4.315581866100000E-01   6.367254894300001E-02
   1.676385366900000E+01   7.990390554500000E-01   4.478544531600000E-01   4.998262155600000E-01   4.336629511100000E-01   6.277890595900000E-02
   1.675593642400000E+01   8.001732413200000E-01   4.479093203200000E-01   4.998264817200000E-01   4.356924891300000E-01   6.189404566400000E-02
   1.674809907200000E+01   8.012705027300000E-01   4.479634980400000E-01   4.998267418100000E-01   4.376486617500000E-01   6.101823357900000E-02
   1.674034376000000E+01   8.023315126000000E-01   4.480169762700000E-01   4.998269959300000E-01   4.395334108100000E-01   6.015170575700000E-02
   1.673267237000000E+01   8.033570108200000E-01   4.480697469400000E-01   4.998272441400000E-01   4.413487450100000E-01   5.929466809200000E-02
   1.672508650600000E+01   8.043477951500000E-01   4.481218037900000E-01   4.998274865400000E-01   4.430967255900000E-01   5.844729574800000E-02
   1.671758749800000E+01   8.053047128000000E-01   4.481731424900000E-01   4.998277232300000E-01   4.447794531000000E-01   5.760973319400000E-02
   1.671017640500000E+01   8.062286519800000E-01   4.482237606200000E-01   4.998279543100000E-01   4.463990544100000E-01   5.678209453200000E-02
   1.670285401700000E+01   8.071205337200000E-01   4.482736574800000E-01   4.998281798900000E-01   4.479576704900000E-01   5.596446397500000E-02
   1.669562086800000E+01   8.079813043500000E-01   4.483228342200000E-01   4.998284000900000E-01   4.494574451000000E-01   5.515689693600000E-02
   1.668847723700000E+01   8.088119279200000E-01   4.483712934500000E-01   4.998286150300000E-01   4.509005140300000E-01   5.435942079400000E-02
   1.668142316800000E+01   8.096133797400000E-01   4.484190393300000E-01   4.998288248200000E-01   4.522889957800000E-01   5.357203642600000E-02
   1.667445848000000E+01   8.103866406100000E-01   4.484660776700000E-01   4.998290296000000E-01   4.536249834600000E-01   5.279471989600000E-02
   1.666758278100000E+01   8.111326904600000E-01   4.485124153000000E-01   4.998292295000000E-01   4.549105364700000E-01   5.202742349500000E-02
   1.666079548100000E+01   8.118525042000000E-01   4.485580605200000E-01   4.998294246300000E-01   4.561476747600000E-01   5.127007796800000E-02
   1.665409581300000E+01   8.125470468000000E-01   4.486030225900000E-01   4.998296151400000E-01   4.573383727700000E-01   5.052259392200000E-02
   1.664748284200000E+01   8.132172696700000E-01   4.486473117900000E-01   4.998298011600000E-01   4.584845550200000E-01   4.978486364400000E-02
   1.664095548400000E+01   8.138641072700000E-01   4.486909392000000E-01   4.998299828000000E-01   4.595880921800000E-01   4.905676282600000E-02
   1.663451252100000E+01   8.144884745600000E-01   4.487339167700000E-01   4.998301602200000E-01   4.606507984000000E-01   4.833815235800000E-02
   1.662815261600000E+01   8.150912645200000E-01   4.487762570800000E-01   4.998303335300000E-01   4.616744288600000E-01   4.762887996600000E-02
   1.662187432700000E+01   8.156733461800000E-01   4.488179731300000E-01   4.998305028600000E-01   4.626606781100000E-01   4.692878153600000E-02
   1.661567611900000E+01   8.162355636400001E-01   4.488590786600000E-01   4.998306683500000E-01   4.636111795800000E-01   4.623768322500000E-02
   1.660955637900000E+01   8.167787343200000E-01   4.488995875000000E-01   4.998308301000000E-01   4.645275045200000E-01   4.555540215900000E-02
   1.660351342800000E+01   8.173036488400000E-01   4.489395140300000E-01   4.998309882600000E-01   4.654111626700000E-01   4.488174841000000E-02
   1.659754552900000E+01   8.178110699900000E-01   4.489788726200000E-01   4.998311429300000E-01   4.662636021600000E-01   4.421652571500000E-02
   1.659165090300000E+01   8.183017329600000E-01   4.490176780400000E-01   4.998312942300000E-01   4.670862107700000E-01   4.355953310000000E-02
   1.658582773100000E+01   8.187763449700000E-01   4.490559449800000E-01   4.998314422800000E-01   4.678803166000000E-01   4.291056552500000E-02
   1.658007416800000E+01   8.192355856000000E-01   4.490936882300000E-01   4.998315871900000E-01   4.686471896300000E-01   4.226941500500000E-02
   1.657438835100000E+01   8.196801072100000E-01   4.491309226700000E-01   4.998317290700000E-01   4.693880431900000E-01   4.163587158900000E-02
   1.656876840100000E+01   8.201105351300000E-01   4.491676629400000E-01   4.998318680200000E-01   4.701040354100000E-01   4.100972377500000E-02
   1.656321243400000E+01   8.205274684900000E-01   4.492039238100000E-01   4.998320041400000E-01   4.707962712500000E-01   4.039075967200000E-02
   1.655771856600000E+01   8.209314807700000E-01   4.492397198200000E-01   4.998321375400000E-01   4.714658042100000E-01   3.977876720300000E-02
   1.655228491500000E+01   8.213231204700000E-01   4.492750654200000E-01   4.998322683100000E-01   4.721136381800000E-01   3.917353488100000E-02
   1.654690960400000E+01   8.217029118400000E-01   4.493099747700000E-01   4.998323965500000E-01   4.727407294300000E-01   3.857485197700000E-02
   1.654159077300000E+01   8.220713559200000E-01   4.493444620300000E-01   4.998325223400000E-01   4.733479885700000E-01   3.798250941700000E-02
   1.653632657300000E+01   8.224289311000000E-01   4.493785409900000E-01   4.998326457700000E-01   4.739362824500000E-01   3.739629958100000E-02
   1.653111517300000E+01   8.227760941900000E-01   4.494122254200000E-01   4.998327669300000E-01   4.745064361100000E-01   3.681601712800000E-02
   1.652595476100000E+01   8.231132810400000E-01   4.494455286700000E-01   4.998328859000000E-01   4.750592345700000E-01   3.624145869700000E-02
   1.652084354700000E+01   8.234409076000000E-01   4.494784639900000E-01   4.998330027500000E-01   4.755954248000000E-01   3.567242352800000E-02
   1.651577976100000E+01   8.237593705900000E-01   4.495110442300000E-01   4.998331175700000E-01   4.761157173700000E-01   3.510871323600000E-02
   1.651076166100000E+01   8.240690485000000E-01   4.495432822200000E-01   4.998332304200000E-01   4.766207883400000E-01   3.455013248400000E-02
   1.650578752600000E+01   8.243703022800000E-01   4.495751903500000E-01   4.998333413800000E-01   4.771112808700000E-01   3.399648847200000E-02
   1.650085566100000E+01   8.246634761500000E-01   4.496067809000000E-01   4.998334505200000E-01   4.775878068100000E-01   3.344759143800000E-02
   1.649596439800000E+01   8.249488984700000E-01   4.496380658700000E-01   4.998335579000000E-01   4.780509483200000E-01   3.290325454600000E-02
   1.649111209300000E+01   8.252268822500000E-01   4.496690569200000E-01   4.998336635900000E-01   4.785012593300000E-01   3.236329365900000E-02
   1.648629712900000E+01   8.254977261500001E-01   4.496997655900000E-01   4.998337676400000E-01   4.789392669500000E-01   3.182752780900000E-02
   1.648151791300000E+01   8.257617150300000E-01   4.497302031900000E-01   4.998338701300000E-01   4.793654729200000E-01   3.129577895300000E-02
   1.647677287900000E+01   8.260191205800000E-01   4.497603806900000E-01   4.998339710900000E-01   4.797803548300000E-01   3.076787167300000E-02
   1.647206048300000E+01   8.262702020100000E-01   4.497903088500000E-01   4.998340706000000E-01   4.801843673600000E-01   3.024363348600000E-02
   1.646737921000000E+01   8.265152067600000E-01   4.498199983900000E-01   4.998341686900000E-01   4.805779435800000E-01   2.972289488900000E-02
   1.646272756300000E+01   8.267543708600000E-01   4.498494595800000E-01   4.998342654400000E-01   4.809614959100000E-01   2.920548870500000E-02
   1.645810407400000E+01   8.269879197100000E-01   4.498787026500000E-01   4.998343608700000E-01   4.813354173000000E-01   2.869125068300000E-02
   1.645350729200000E+01   8.272160684700000E-01   4.499077375500000E-01   4.998344550500000E-01   4.817000821700000E-01   2.818001894200000E-02
   1.644893579000000E+01   8.274390226000000E-01   4.499365740500000E-01   4.998345480200000E-01   4.820558474500000E-01   2.767163400400000E-02
   1.644438816200000E+01   8.276569783700000E-01   4.499652217100000E-01   4.998346398200000E-01   4.824030533900000E-01   2.716593879500000E-02
   1.643986302000000E+01   8.278701233300000E-01   4.499936900100000E-01   4.998347305000000E-01   4.827420245200000E-01   2.666277853000000E-02
   1.643535899500000E+01   8.280786366700000E-01   4.500219881300000E-01   4.998348201000000E-01   4.830730703700000E-01   2.616200043900000E-02
   1.643087473900000E+01   8.282826897300000E-01   4.500501252200000E-01   4.998349086600000E-01   4.833964863100000E-01   2.566345392400000E-02
   1.642640891600000E+01   8.284824462700000E-01   4.500781101200000E-01   4.998349962200000E-01   4.837125542400000E-01   2.516699005200000E-02
   1.642196020900000E+01   8.286780630000000E-01   4.501059516700000E-01   4.998350828100000E-01   4.840215432900000E-01   2.467246199200000E-02
   1.641752731400000E+01   8.288696898200000E-01   4.501336585200000E-01   4.998351684800000E-01   4.843237104700000E-01   2.417972443000000E-02
   1.641310894300000E+01   8.290574701600000E-01   4.501612391500000E-01   4.998352532600000E-01   4.846193013000000E-01   2.368863365200000E-02
   1.640870381800000E+01   8.292415413300001E-01   4.501887019700000E-01   4.998353371800000E-01   4.849085503400000E-01   2.319904738500000E-02
   1.640431067500000E+01   8.294220348100000E-01   4.502160552100000E-01   4.998354202900000E-01   4.851916817900000E-01   2.271082467000000E-02
   1.639992825900000E+01   8.295990765400000E-01   4.502433070600000E-01   4.998355026000000E-01   4.854689100000000E-01   2.222382580900000E-02
   1.639555532400000E+01   8.297727871500000E-01   4.502704655200000E-01   4.998355841500000E-01   4.857404399300000E-01   2.173791213500000E-02
   1.639119063700000E+01   8.299432823600000E-01   4.502975386900000E-01   4.998356649800000E-01   4.860064676600000E-01   2.125294620200000E-02
   1.638683296600000E+01   8.301106729800000E-01   4.503245343400000E-01   4.998357451100000E-01   4.862671807500000E-01   2.076879112700000E-02
   1.638248108900000E+01   8.302750653099999E-01   4.503514602800000E-01   4.998358245700000E-01   4.865227587400000E-01   2.028531083200000E-02
   1.637813379100000E+01   8.304365613800000E-01   4.503783243100000E-01   4.998359033900000E-01   4.867733735000000E-01   1.980237005000000E-02
   1.637378985500000E+01   8.305952589600000E-01   4.504051339700000E-01   4.998359816000000E-01   4.870191895500000E-01   1.931983371600000E-02
   1.636944807500000E+01   8.307512520300000E-01   4.504318970100000E-01   4.998360592300000E-01   4.872603644900000E-01   1.883756751200000E-02
   1.636510724100000E+01   8.309046307100000E-01   4.504586208800000E-01   4.998361362900000E-01   4.874970492900000E-01   1.835543704600000E-02
   1.636076614600000E+01   8.310554815900000E-01   4.504853131400000E-01   4.998362128200000E-01   4.877293885800000E-01   1.787330831300000E-02
   1.635642358500000E+01   8.312038878200000E-01   4.505119812300000E-01   4.998362888400000E-01   4.879575209500000E-01   1.739104717900000E-02
   1.635207834900000E+01   8.313499293400000E-01   4.505386326500000E-01   4.998363643800000E-01   4.881815792800000E-01   1.690851959000000E-02
   1.634772922800000E+01   8.314936829100000E-01   4.505652747700000E-01   4.998364394500000E-01   4.884016909100000E-01   1.642559108500000E-02
   1.634337500800000E+01   8.316352223800000E-01   4.505919150400000E-01   4.998365140900000E-01   4.886179779600000E-01   1.594212706200000E-02
   1.633901447300000E+01   8.317746187100000E-01   4.506185608300000E-01   4.998365883100000E-01   4.888305575100000E-01   1.545799236500000E-02
   1.633464639900000E+01   8.319119401600000E-01   4.506452195300000E-01   4.998366621400000E-01   4.890395418400000E-01   1.497305131100000E-02
   1.633026955700000E+01   8.320472523800000E-01   4.506718985000000E-01   4.998367355900000E-01   4.892450386600000E-01   1.448716746400000E-02
   1.632588271000000E+01   8.321806185700000E-01   4.506986051900000E-01   4.998368086900000E-01   4.894471512600000E-01   1.400020375200000E-02
   1.632148461300000E+01   8.323120995300000E-01   4.507253470300000E-01   4.998368814600000E-01   4.896459787300000E-01   1.351202212100000E-02
   1.631707401000000E+01   8.324417537300000E-01   4.507521314200000E-01   4.998369539300000E-01   4.898416161100000E-01   1.302248339900000E-02
   1.631264963500000E+01   8.325696374800000E-01   4.507789657700000E-01   4.998370261000000E-01   4.900341545300000E-01   1.253144721800000E-02
   1.630821021200000E+01   8.326958050300000E-01   4.508058576900000E-01   4.998370980000000E-01   4.902236814500000E-01   1.203877228900000E-02
   1.630375445100000E+01   8.328203085500000E-01   4.508328146300000E-01   4.998371696500000E-01   4.904102807000000E-01   1.154431558800000E-02
   1.629928104700000E+01   8.329431983000000E-01   4.508598442100000E-01   4.998372410700000E-01   4.905940326900000E-01   1.104793274100000E-02
   1.629478868100000E+01   8.330645226400000E-01   4.508869540200000E-01   4.998373122700000E-01   4.907750144800000E-01   1.054947772200000E-02
   1.629027602000000E+01   8.331843281800000E-01   4.509141517600000E-01   4.998373832800000E-01   4.909532999700000E-01   1.004880284900000E-02
   1.628574171100000E+01   8.333026597900000E-01   4.509414452000000E-01   4.998374541100000E-01   4.911289599400000E-01   9.545758626399999E-03
   1.628118438700000E+01   8.334195606200000E-01   4.509688421000000E-01   4.998375247800000E-01   4.913020621900000E-01   9.040193527700000E-03
   1.627660265700000E+01   8.335350722400000E-01   4.509963503300000E-01   4.998375953000000E-01   4.914726716400000E-01   8.531953993100000E-03
   1.627199511700000E+01   8.336492346900000E-01   4.510239779000000E-01   4.998376657000000E-01   4.916408504300000E-01   8.020884468500000E-03
   1.626736033600000E+01   8.337620864600001E-01   4.510517328000000E-01   4.998377359900000E-01   4.918066579700000E-01   7.506827036800000E-03
   1.626269686600000E+01   8.338736645500000E-01   4.510796231500000E-01   4.998378061900000E-01   4.919701510400000E-01   6.989621421700000E-03
   1.625800323400000E+01   8.339840045800000E-01   4.511076571100000E-01   4.998378763100000E-01   4.921313838900000E-01   6.469104953700000E-03
   1.625327794600000E+01   8.340931408300000E-01   4.511358430600000E-01   4.998379463700000E-01   4.922904082500000E-01   5.945112594000000E-03
   1.624851948400000E+01   8.342011061400000E-01   4.511641893100000E-01   4.998380163800000E-01   4.924472734600000E-01   5.417476489900000E-03
   1.624372630300000E+01   8.343079320600000E-01   4.511927043400000E-01   4.998380863700000E-01   4.926020264600000E-01   4.886026271900000E-03
   1.623889683700000E+01   8.344136489100000E-01   4.512213967300000E-01   4.998381563400000E-01   4.927547118900000E-01   4.350588825200000E-03
   1.623402949300000E+01   8.345182857400000E-01   4.512502751800000E-01   4.998382263100000E-01   4.929053721600000E-01   3.810988333600000E-03
   1.622912265000000E+01   8.346218702900000E-01   4.512793483700000E-01   4.998382963000000E-01   4.930540473900000E-01   3.267045982200000E-03
   1.622417466500000E+01   8.347244292000000E-01   4.513086252500000E-01   4.998383663100000E-01   4.932007755900000E-01   2.718580437300000E-03
   1.621918386700000E+01   8.348259878600000E-01   4.513381147500000E-01   4.998384363700000E-01   4.933455925700000E-01   2.165407314800000E-03
   1.621414855900000E+01   8.349265705000000E-01   4.513678259200000E-01   4.998385064900000E-01   4.934885320700000E-01   1.607339456300000E-03
   1.620906701800000E+01   8.350262001900000E-01   4.513977679200000E-01   4.998385766700000E-01   4.936296257100000E-01   1.044186968100000E-03
   1.620393749600000E+01   8.351248988400000E-01   4.514279499800000E-01   4.998386469400000E-01   4.937689030900000E-01   4.757571366300000E-04
   1.619964755000000E+01   8.352060277600000E-01   4.514531591400000E-01   4.998387052600000E-01   4.938830050000000E-01   3.960911728400000E-07

